591
688
675
292
375
585
635
677
153
463
655
894
672
213
8
604
408
639
296
45
556
50
934
202
265
212
721
207
427
244
895
634
352
661
171
541
196
79
852
357
927
816
163
374
472
161
496
55
172
469
199
891
598
966
965
300
915
83
256
955
629
678
57
878
846
939
587
369
836
869
952
864
407
968
715
875
92
280
487
279
612
962
759
247
899
663
103
338
812
631
151
423
918
803
925
454
52
340
806
484
252
844
130
809
64
470
149
230
499
416
621
933
431
835
90
329
708
448
495
748
763
901
70
97
476
258
572
116
776
492
458
742
743
513
85
334
772
611
388
648
961
380
2
436
12
9
269
18
235
121
186
903
337
372
792
553
286
595
214
760
777
270
879
817
483
276
179
126
105
353
974
973
810
263
136
700
935
144
849
883
988
650
889
259
885
294
210
88
853
552
224
720
569
497
135
34
104
851
867
278
439
999
384
267
411
996
752
200
745
368
563
32
922
644
391
781
370
94
860
905
643
405
568
243
930
524
287
222
665
485
508
544
518
131
732
205
173
240
460
237
398
794
750
25
40
343
250
190
581
453
987
443
606
554
509
529
699
260
671
649
165
837
216
377
537
75
733
418
948
624
932
281
475
93
979
566
400
728
51
770
17
477
975
596
345
195
31
641
114
938
56
575
220
910
731
703
839
559
255
293
834
914
335
536
359
86
438
516
953
5
714
277
201
268
358
98
674
211
385
401
462
461
336
692
198
115
558
96
19
507
519
662
339
673
397
576
457
1
779
478
11
828
709
373
505
986
420
832
63
993
174
517
645
226
756
724
323
555
73
157
143
333
800
308
304
133
886
137
257
10
904
313
309
831
706
410
362
957
119
473
747
863
969
570
978
273
238
664
871
778
328
58
39
156
804
684
977
209
233
819
78
30
668
765
242
241
520
175
71
546
787
203
452
389
217
937
592
697
138
833
27
549
815
753
245
112
364
140
154
239
251
838
229
299
324
176
289
67
735
72
234
187
696
898
854
510
744
412
769
182
43
24
474
4
967
341
774
893
808
822
87
940
805
617
455
42
177
686
571
523
551
847
282
791
110
327
608
907
824
147
145
949
924
532
560
908
652
46
783
109
494
44
880
642
194
249
859
514
381
480
123
35
947
6
193
900
616
582
659
589
314
275
530
91
784
167
730
983
923
7
402
417
751
600
218
132
488
550
881
843
48
13
344
376
542
866
943
717
896
59
622
636
981
627
954
318
319
964
567
415
355
976
54
430
312
916
657
618
66
740
956
902
593
141
84
921
124
225
347
801
798
802
150
711
298
315
676
321
65
972
625
533
951
342
782
632
719
189
535
855
261
640
378
192
670
80
3
610
761
790
712
725
971
766
521
548
713
307
142
626
379
820
306
813
603
185
361
768
630
356
350
795
367
311
580
68
590
419
451
464
81
406
491
823
842
459
807
188
393
874
840
227
727
506
669
683
422
594
387
741
208
906
818
69
707
426
403
989
950
449
302
317
128
758
602
322
272
21
446
468
609
830
113
773
789
856
679
236
511
656
722
637
667
845
434
435
221
739
825
527
148
726
118
543
158
49
534
437
545
994
757
737
848
502
746
295
101
467
775
998
811
926
963
254
152
913
440
22
890
605
320
26
599
786
330
395
723
539
303
960
20
695
780
814
754
628
228
390
526
421
681
442
386
736
862
125
60
366
884
382
106
944
749
444
424
540
698
660
219
37
911
827
528
429
687
166
466
912
482
170
578
47
788
701
658
168
215
117
579
346
826
15
399
266
164
892
561
248
588
305
557
872
74
285
501
525
623
62
206
456
942
349
120
134
1000
486
870
89
586
562
297
654
583
755
990
689
428
850
197
705
471
997
928
28
498
191
95
326
246
607
181
223
929
301
729
982
36
392
876
793
139
797
129
821
945
858
601
936
762
909
991
887
409
61
450
433
184
16
290
404
111
638
738
160
888
354
283
764
481
53
984
970
425
796
447
861
396
500
515
204
653
995
383
504
691
651
620
432
574
865
682
547
183
100
127
331
868
829
857
646
565
771
288
274
365
573
577
38
489
584
180
619
363
33
538
919
882
666
284
633
873
178
371
316
29
597
920
702
512
351
413
264
122
985
271
718
348
325
980
959
155
332
493
992
785
767
841
108
394
159
503
799
680
253
615
102
169
917
941
262
414
685
531
734
877
14
613
360
958
77
162
231
107
232
931
41
716
710
614
647
445
465
897
146
82
522
479
99
490
291
310
694
564
690
23
946
704
441
76
693
