6632
770
3377
9854
156
8599
6322
1444
7928
1595
191
8860
3462
2560
9198
1983
83
8080
6128
6614
149
593
6513
4540
460
6425
3103
8405
8400
2371
8813
1422
9280
2737
7958
3422
6436
90
5665
8561
9409
3004
3514
7849
1167
799
3993
7090
2118
6898
1803
9081
2204
4477
5537
7541
8644
88
5842
2838
1297
3273
7368
2768
6031
2294
4521
2189
5526
6567
6777
1769
3974
4582
4544
7854
5750
7292
2663
8132
1601
8074
3313
495
4295
9043
7861
3888
2330
1984
657
9468
5180
6119
9758
7239
3307
5627
3610
2372
5810
8263
7464
7310
9826
8296
1135
3952
9831
2628
4944
7100
9458
8049
5514
5826
4392
2646
2278
675
2648
4247
247
8226
7410
9444
7356
3460
2470
4485
4934
7280
8072
7089
7611
9431
3113
5150
8994
9380
6387
9608
600
7014
3191
2043
4006
2616
7957
5672
9677
7367
8356
3023
527
9624
2724
6669
1851
2384
2740
2794
2270
6650
7870
5622
2817
430
8721
8090
2039
2217
5660
2058
1713
450
442
9352
8639
9750
544
9982
7072
3096
322
1451
1540
4432
4764
3064
684
4081
4973
5111
2608
2228
7161
5559
9850
3546
2944
716
2073
7446
8672
2123
7536
4415
7515
9108
579
1878
6302
6089
9985
617
4978
8827
2647
5892
7120
3042
2879
7970
9295
6032
6055
5352
3494
7433
1993
8381
7712
6495
5331
2234
6900
810
6477
699
7167
3435
3792
3459
5945
1835
6165
5291
3210
5610
2674
8192
666
5876
8936
24
4417
6423
1026
7526
9123
4423
5137
4780
5580
6399
1169
4538
2698
9148
1548
5881
2610
8498
7015
7414
585
4822
4180
7929
3929
6735
471
8494
820
554
8985
5884
1215
6359
2499
672
4692
4753
9566
8338
9449
6547
5727
8822
5066
665
960
3337
1538
3729
8222
3074
8154
9538
9601
2684
6212
8828
6161
2140
602
2795
4123
125
7736
7071
6656
2473
2014
6278
1859
6453
3635
8128
5224
2547
4996
7246
2147
3303
4857
9345
9535
4953
4684
9127
4828
3624
3056
2697
6230
8249
6250
308
9595
1742
9319
543
6790
8511
2751
3099
8123
2535
726
9228
3220
9832
5129
8845
4599
1420
1391
6539
6672
1012
1475
7240
9792
8477
9034
2965
6160
3666
6515
3683
3330
8308
3025
6814
6213
2702
7288
7721
936
2551
500
8505
6808
9340
8089
3289
8793
4878
3758
8523
5928
2778
3286
4367
9385
1378
7794
5183
1228
3215
8204
879
6652
3038
3155
6489
7183
2509
1038
8684
7906
5341
6770
7091
7256
9162
9070
965
1409
6120
8149
5456
1961
796
8645
4987
411
5213
7589
5536
5829
1746
7302
8297
3762
1349
854
2781
921
3749
7748
9109
7565
4808
2736
6177
3295
7248
8790
9718
7858
3755
1466
7966
7140
2555
1599
2875
97
2380
5946
8460
6115
6818
785
6758
8272
1333
7141
5573
197
8100
8801
397
3237
8333
9582
621
8900
3810
5372
8955
3281
4844
6451
8688
3370
6969
9212
485
379
686
5188
9310
264
38
4871
405
6285
3957
5705
7488
9639
692
9401
2474
5742
8621
9992
6540
8966
6563
2318
5354
7722
424
5351
3561
2262
6157
2027
6218
567
7596
5564
6182
9533
8444
8873
2995
1893
9139
8312
2143
6801
5497
889
1013
6981
3409
3262
1263
313
6284
9453
7206
5296
3966
3393
2314
3394
4576
8067
1493
8792
2173
6961
4022
3599
376
7216
3600
5225
278
6102
8617
6517
3867
8996
218
3405
4003
9911
7728
9855
3740
2102
3595
2057
9435
3329
5905
8761
3704
3152
3176
8393
930
7192
9717
3616
3413
231
8930
1688
9612
3279
3067
9012
6496
8969
9214
9137
297
3953
7892
9167
7160
8238
3396
2685
1881
6757
4800
918
7251
3511
6310
5201
7242
3798
3085
7436
1649
1461
9753
9887
3121
7148
6555
1024
3890
3197
9596
7937
7645
518
5706
3963
4457
1783
2268
8903
9809
8125
1069
8081
5327
5175
7219
6208
474
5683
6382
6701
4659
8040
9702
3886
3012
9971
3270
2886
1728
5556
3296
7538
776
584
7535
9952
5234
3556
5612
4411
8508
639
530
2444
8346
180
1362
3612
4664
1982
3980
4053
1048
4063
2187
2865
3713
203
4261
8001
3784
6067
856
7434
8290
2154
4686
6806
6649
3501
8143
4096
962
9587
5189
5997
6943
6675
1526
5104
1607
6855
855
4413
1370
1684
2425
8992
5648
6305
4305
6280
6836
7469
2789
3423
5212
3512
5281
5626
894
2973
5034
5081
1631
2468
3188
7597
6963
9215
8590
3022
9989
2390
3745
2134
8580
9847
6657
9290
1259
2381
2580
8815
7020
4259
5306
8560
7261
9101
2389
8908
8768
1507
5242
1387
4568
3432
8726
167
8558
7922
5080
7934
1719
9270
7755
8526
3613
4896
6445
4458
9160
161
5674
1927
7960
7933
4451
6162
7340
2087
166
963
1164
4299
3747
6063
6337
3139
1913
2750
1670
7745
1894
7315
1438
8591
2568
9073
4102
7556
6480
1405
5924
9740
3889
5981
1843
5240
8765
3052
7138
15
757
8211
7181
8313
9951
104
9424
3743
6185
6264
4825
1720
9939
6893
6060
3919
2328
9393
3927
4559
9064
1677
8885
4531
7729
7272
1944
8818
3760
3763
5532
5592
4649
482
8433
4027
5395
3620
4064
9153
9225
813
9910
2185
9581
9402
2745
3861
9110
4418
3621
4634
871
2012
3527
7484
6905
642
1499
6739
5390
2003
9516
2758
3916
9947
2109
7540
9191
2925
9736
3654
3069
8035
3290
2681
8888
9311
81
5652
503
8077
9495
9009
4536
5164
6601
9694
5133
712
3122
8970
5692
4306
4279
4912
578
5028
2773
4478
8961
9609
8260
8408
40
808
7962
8495
3547
9791
3788
1337
5185
8048
4390
4588
9842
2402
6141
2998
5589
7823
8772
4510
75
470
4375
7456
4288
3730
8682
5472
3870
9669
7301
2121
7653
329
6199
1900
50
4730
3960
3819
2125
3825
8347
835
7354
7766
359
6598
7826
6169
303
1959
4894
6817
7234
4872
7198
6315
5269
5565
5330
5365
6719
6030
857
2296
2832
4637
8489
1256
4434
2878
8234
8023
7954
1623
9614
1158
6336
8337
3504
7705
3359
1313
1608
1214
5545
8406
5450
916
3542
4059
5914
8531
60
8207
4278
1784
7802
4630
7679
1920
334
3884
3842
9502
9737
7043
8872
5695
7552
6226
3984
1704
4887
3845
1234
8137
8766
5792
1543
1915
1251
3838
6024
1453
3132
1494
9222
4420
5441
5774
5953
4518
7725
2969
590
8012
4213
7151
4731
6456
1786
3251
3834
6116
7661
6945
6150
1883
3967
5427
1686
949
132
8606
5820
2854
2161
5753
2411
5063
6130
1332
8875
1109
4039
3317
1459
2895
9461
6404
9366
6899
181
6373
7716
335
9285
6918
3179
3897
4826
3448
4923
5484
82
8543
2285
1634
5724
3931
3261
6175
1776
3909
829
8051
883
1600
1869
7136
5570
4208
7935
4353
2906
3094
395
3707
3134
7050
5017
1316
4399
269
2420
1395
7595
9010
8807
723
127
4369
1207
452
1151
1059
8602
2526
1682
8225
9130
4783
9509
9931
7435
6574
4234
1562
3587
9486
8938
9140
9499
3708
1061
8306
8628
2113
6896
4818
8718
7113
4315
1187
7601
1542
933
2987
5113
6994
9901
8193
1156
1066
6405
1318
2316
3518
6765
3891
8663
8122
3473
21
9493
399
8629
1698
2363
4547
9451
8355
8507
628
6038
8473
3674
1669
7817
266
4777
4117
8773
2196
5177
7867
3102
5
5069
1875
4523
458
3655
5900
8189
7371
8172
3550
3383
5771
5847
400
5355
1996
6565
2359
6740
5045
7449
9168
8254
2885
7938
7420
9632
8833
8914
8130
5392
3503
6875
7667
5097
9192
3236
3622
6139
2765
2080
489
6970
3945
5141
4106
4646
4647
8649
3589
6546
636
9324
7663
6135
2202
3759
5171
5751
9936
3291
4948
1529
6658
4128
6937
7202
6044
1525
4242
4656
6144
1368
7735
5346
1166
9721
410
2369
1437
7875
5065
9230
668
5717
8246
4515
284
41
2746
8852
8215
3875
7582
2310
2374
1762
3463
9704
789
9674
8043
3721
4155
3914
6099
5569
7432
4156
8536
4829
6152
1102
4688
6239
6131
8547
9297
8862
1058
1003
3368
6252
1411
67
9396
5386
6959
6041
1534
8087
2636
5122
3922
1743
3668
2460
3028
4735
7791
5320
1873
6286
1511
3816
7127
8928
1334
9786
2256
8809
8134
8118
2313
9155
7618
5984
8369
7038
2166
248
9879
2454
428
2587
4359
7152
7529
4539
2994
151
6933
9563
2562
9255
3284
241
9723
4372
5647
5368
9597
9995
1285
7111
7890
4366
1818
2866
1479
1517
8748
1620
6251
3813
1430
7286
43
931
3667
8611
9079
6028
9949
4922
5887
4533
4188
5426
3033
3597
6112
5008
1171
8036
8037
7154
4314
3161
2871
1065
7009
2920
6228
4010
3136
5394
3670
9099
7893
9590
891
1140
1229
5812
22
5286
9924
9765
4040
9090
1606
4015
9968
3565
7681
538
5824
9187
8865
6678
9929
1476
6792
20
873
3757
2557
2250
4495
4047
7358
9481
2727
3564
465
7098
6950
9905
4167
4036
363
4814
8854
8986
1121
2970
2538
1340
6825
72
6168
3871
8564
6001
9574
5016
4319
4738
7943
1265
5455
4513
1788
8944
3709
2422
2834
498
4056
5511
2400
7846
3645
2911
5385
3365
4241
84
7979
3353
4640
6352
7795
3222
3321
7978
69
8315
3040
6427
501
6375
5152
3087
2928
4160
6114
9252
5509
8556
8843
1950
8391
8486
6053
3327
8819
7916
2598
2558
2446
6313
4130
2471
5566
7583
767
6394
325
4709
4988
6874
9496
5483
5515
7951
4318
2279
5230
8217
7217
5915
9560
8285
4929
1145
5836
5024
502
3160
6728
5118
6531
8235
3532
8311
8410
7052
9220
902
8305
9890
1798
9245
5311
6167
4122
3414
162
4149
5913
3701
5757
17
5454
8991
7423
4165
2339
6372
3593
5241
5254
4499
812
3375
8373
804
8729
9136
5214
1645
2508
2124
5030
4756
4617
8730
6983
6070
2475
1414
8387
7695
6700
9418
176
3345
6050
6471
7522
3938
5889
6138
7010
5013
5754
9969
5165
3451
1429
9102
6448
7644
7270
101
6308
4522
3107
4312
9000
388
9367
1132
3619
7185
173
5659
8105
2104
9749
2827
9344
2723
2055
2604
9762
7751
6590
9788
2945
3271
7401
5264
7428
2150
1336
4147
1763
1086
5667
564
1969
4403
1697
6654
3068
6839
9338
4972
7422
1580
8783
9443
4325
4143
3648
4322
8348
2655
7520
6982
1603
4778
3333
4489
5413
9017
7914
4419
6374
7829
2656
8931
7323
289
5169
753
3059
9333
9266
9906
695
2860
4940
3985
92
1583
3407
526
1593
1646
300
9298
3820
7509
1185
6951
44
7375
6746
4843
4284
8689
8158
5002
5597
8307
9967
4313
9201
6485
2172
9811
9523
1027
8401
3376
629
7205
2614
5078
2659
7734
2689
154
7439
1867
7203
1266
927
6388
6987
8712
2495
9746
7708
273
3325
3483
6190
8929
8635
2520
8183
9616
2338
7592
3212
5700
1347
1425
188
4090
5077
5064
586
3072
4504
3138
1408
660
611
6978
6270
3410
6557
9785
4903
775
2017
7106
9843
1389
5650
3903
5533
7761
4329
846
9074
8694
6443
1933
8493
9478
361
4882
2574
7055
8693
5819
4099
7719
4018
164
9277
2428
7548
9543
3193
8881
9460
5356
4052
2642
5986
6147
2426
486
2291
8018
7820
9766
1973
9837
6328
9065
4583
8365
1115
4516
7388
3932
2505
8327
4541
3018
3285
1073
7165
8029
9630
1093
8583
1675
747
1780
1383
9943
4791
4378
2694
235
7684
1245
2445
1781
4713
3775
2755
8825
1016
7397
5432
9343
2855
8675
2360
2098
7409
6698
9095
3204
3706
2349
2192
2954
5781
5439
7762
4376
1036
1679
7731
5790
6183
2472
8294
658
1887
1956
6012
4280
5503
888
1569
6363
2368
6816
7640
3228
7758
3549
425
5527
2491
3714
3079
5238
3272
99
382
1681
242
9471
5867
8042
2423
5449
9520
1489
6178
7863
9815
7524
1205
6140
6312
514
3626
6151
2894
8082
4340
5050
8021
9784
9659
1050
6866
4639
8662
3799
3715
2070
7333
5846
5637
1876
2355
8277
7336
6210
5342
1186
4921
7851
2807
6498
7112
481
4336
909
5172
9742
1361
1407
6624
2881
3576
2852
1794
9023
604
9994
5828
5591
2232
4869
8756
9026
5546
8634
3076
2406
8247
6952
1752
9501
6478
8563
4884
5506
525
1732
4133
8376
6924
9488
2544
9093
2030
1939
6941
8026
7638
6760
2771
9773
3947
2287
1989
5962
6894
942
5467
202
7666
5058
4248
523
3545
1328
2433
2146
5023
9353
6572
7095
6011
5168
3385
2530
9038
5825
2869
3062
5121
190
7674
6884
5990
6625
7290
8758
4012
6968
290
4388
6325
3733
1910
9701
3147
254
1545
594
5181
4493
6464
5246
1995
8038
8063
6113
4898
4492
2046
8420
5823
2399
4303
1123
2569
7838
9896
221
5446
4438
6455
5813
1469
5292
8525
1463
2388
7990
4157
8299
3575
3379
2322
168
3171
5616
6744
8319
4687
8167
5822
2450
5608
2950
4017
5316
1633
2671
5381
4408
7750
1108
3123
6105
9863
9107
9761
8248
3997
36
3801
2209
9050
5690
2077
7440
4622
3445
5244
7543
2964
887
8679
9372
940
1211
7458
2761
2893
4911
8180
8921
6823
9058
7211
427
2419
1722
3895
3697
7157
8614
5791
3031
3348
9360
4069
9117
5998
8559
7926
5716
2927
8341
6097
1690
6341
1866
3450
8972
8014
8335
8366
844
2265
2533
1122
3456
5398
3232
2763
3883
9752
1573
4601
1077
307
1355
1523
1067
4257
5436
7441
6621
3054
866
2753
2848
8374
892
345
7341
3323
1802
4751
5885
6577
6194
5383
5780
7942
4698
3873
1008
2176
975
5403
5893
1922
3034
4765
5007
7682
9112
4345
8796
2840
135
4115
6682
6956
7625
3174
3705
8358
9934
9395
4323
6492
7218
8472
7115
4969
5547
6838
1630
6705
7911
2902
2733
6411
2948
1118
3797
3860
8364
1495
2799
5651
1637
9518
8883
7591
3115
3687
8088
3416
6560
9957
4351
8206
4461
5143
4600
6098
7895
7400
138
5779
7228
1766
9980
4337
3693
385
608
7344
5259
9775
7904
7632
9463
8170
5425
45
6019
4904
33
227
3239
7413
6570
5954
9557
945
5255
1906
4982
4111
5336
6494
2086
8159
7326
8031
6381
5899
4152
8330
7104
5323
1952
8322
4616
6245
5363
4348
8640
3021
6732
2784
5613
4587
4453
7264
7837
6188
5787
103
4633
2101
1652
8963
2332
5682
7857
652
7891
3131
9036
9573
3214
551
333
8893
7200
9237
9121
6803
8174
7190
8557
9706
3221
925
2739
3175
446
8274
9263
6691
1541
6667
1616
2816
6009
3951
3537
736
3472
6316
2498
8383
6311
1931
5572
7182
9764
7508
2442
4251
1958
2980
8820
343
9399
3636
7467
4125
1988
7184
1714
1280
5896
9429
4267
1614
2485
4240
5410
3923
2353
9425
9833
341
3306
7444
3485
3941
5844
4424
534
3050
5729
9539
1747
9015
3475
413
6008
34
2882
1348
3499
5070
4520
2591
3098
6518
6027
886
9358
7077
2467
7476
5461
6737
1874
6385
5208
8003
9691
9935
7416
6414
9013
2386
2738
3156
7419
3983
6010
86
2552
7046
8674
6355
1799
2074
3015
9205
8
8203
1004
5458
143
3858
6712
4954
4874
8135
2785
2701
2088
4239
4172
1372
4685
9071
5849
6047
825
2207
2764
5840
1129
900
3987
8073
1981
9861
14
5578
6917
4727
818
7298
7647
8592
4608
174
8250
6225
9806
414
255
2720
1971
4482
4094
6376
2414
4690
5713
5036
2956
7369
817
2486
8887
8648
3617
7040
6452
6287
7664
3341
2436
7455
1481
4564
8096
7355
1014
4193
4612
8426
5854
7628
9729
4223
51
9645
8978
5860
2825
9735
1879
974
459
9917
9545
6222
4570
8108
9051
1909
2867
7066
4218
3678
5174
1011
2451
5640
2448
2241
3796
7187
2465
1153
338
7486
2638
5992
3928
722
7075
4215
1553
7492
4296
3000
9100
1329
7062
7316
7210
5856
6849
3569
2401
476
9802
5140
910
3458
6972
2427
8704
4023
4364
9683
1278
189
256
7920
1930
9045
6704
9685
8117
4416
1309
3510
4505
1561
1456
6786
7996
9763
1691
2404
1680
391
270
7087
6223
3260
1755
2277
5005
1811
3611
4683
8846
1854
6248
4031
5831
9542
7614
9320
5202
6200
4644
667
4888
3832
2611
292
9218
6876
3781
296
2311
6474
7671
766
7947
8353
3874
5199
9122
8131
4183
3268
4093
3744
4456
6847
4591
1088
838
9907
8046
5579
2542
4402
5093
8739
3280
1814
9156
4140
912
9341
5285
2859
8326
3374
8266
5193
5107
4194
9235
2334
3915
3783
2181
3752
4842
7044
8710
416
8015
447
3361
4580
8799
2490
128
1210
3525
5611
5248
6433
1231
7103
9800
9978
159
6856
704
2929
2675
4011
1374
1184
9872
3573
6548
4805
9881
4762
4569
418
56
6815
6545
655
4741
2622
5870
4473
9687
6764
381
6422
9690
6613
7600
6681
4611
2157
5322
6023
2245
7608
5054
7131
8666
383
3209
1594
4454
5318
5743
7099
8752
6403
2978
2300
9547
4821
219
2504
6660
4209
3024
7088
4270
8102
5702
1359
6966
390
9675
1183
144
6683
8678
80
9422
6321
8482
2517
1160
2333
823
9725
708
5043
497
5776
2940
6710
8782
5299
510
1965
9715
5795
1029
4862
5950
6639
1528
1934
3913
783
2392
5939
1246
9261
7231
5835
1506
8604
4033
1868
3045
2565
9895
7507
895
8146
1496
441
7894
5985
3207
6800
5794
9964
3346
4075
9049
9445
9631
9374
3133
456
9420
2216
6075
4368
5200
2830
8780
4930
9954
7944
1307
1819
8952
3651
3101
7406
9249
9693
3213
3981
1505
7549
2394
6021
5736
1963
431
2160
862
7418
6307
4597
8258
5839
3005
6198
3551
3061
8160
3894
2119
7767
1360
6562
7168
4186
809
8169
9871
3419
6830
5094
644
4543
1880
6651
6018
4206
3267
2482
8098
5000
8056
4827
8861
2011
6261
2690
2130
4782
5204
244
5600
4222
1644
3144
619
9487
9814
5959
3030
6550
8906
170
6211
3276
7715
6826
632
2922
4807
5598
8716
4464
8210
1243
3601
2484
2695
5060
7604
9375
1330
7067
8432
995
3446
4481
9787
3756
7465
4537
9532
9076
306
7676
8976
6335
1515
7687
5977
7180
4014
6071
4525
6224
3663
878
9745
7835
5134
1849
670
9796
1063
840
5583
2711
172
1899
5895
9005
4610
3658
2835
7799
2299
2438
5562
7709
3802
3900
863
8892
7427
645
8586
3774
9189
6449
4743
95
1648
6944
384
2862
62
295
4136
5922
5857
2793
2877
3425
7338
8545
2754
4146
5594
6573
9528
7843
8445
4159
4627
3274
5051
4293
7084
6274
5563
6077
4623
8532
7610
1585
7352
3677
7741
1293
3908
6581
94
7163
6991
9466
8633
3104
9175
7174
4383
6351
1315
7129
1354
6172
9351
6642
505
6294
6503
3718
2521
4249
9777
4936
728
1406
4945
7775
5951
3412
1034
5658
1718
4100
3885
2900
3872
9987
6829
2962
9835
2186
2120
1683
9356
7959
6566
5557
904
2797
541
5333
9349
3949
4496
9134
9498
7266
6108
9272
7377
5797
9446
5302
5524
7555
990
8517
9060
7294
1531
6104
4162
6356
9480
5657
2829
2158
184
4220
9945
9233
5517
2770
185
5373
9696
7162
4962
4745
4253
3467
5808
1609
6636
4629
5278
539
9259
8838
7720
6243
6345
8434
5015
8746
5338
9211
4710
7955
9062
8103
1708
178
3230
5607
4732
8774
535
6561
9703
8070
1460
9414
3509
5125
640
9885
7321
7424
6461
4073
7784
4262
1119
2713
9408
1660
3995
3223
3447
9648
2613
432
5528
9513
3452
3971
663
3973
3116
8868
3642
4384
6512
28
955
5765
2985
6729
4265
1053
177
5308
1826
1855
8450
7350
2539
4757
4700
6207
3044
8340
3265
6338
6734
8440
3694
2025
8551
8336
680
4436
6509
2370
1557
6781
8983
4112
6106
4108
1535
2220
6354
7068
7815
5718
7673
7018
9534
7213
360
7497
7827
9530
3036
1248
1216
9813
5198
467
5937
6725
3847
321
1351
941
2266
5423
7179
4463
8874
4176
2224
4941
9373
4575
2775
4932
6783
6600
2466
9707
8301
9334
6005
875
71
2358
7553
8803
7284
2434
5304
4527
8960
3996
4331
3208
9709
537
1638
9226
357
9152
389
281
8859
5548
9830
4032
9158
6999
3583
2164
9097
7493
8941
3607
4269
9384
330
3746
116
780
6400
2782
671
3480
7987
4891
7680
2362
3910
3736
3135
6580
319
353
5630
7743
641
1837
7649
6184
8342
7980
2828
9426
824
5740
9697
7956
2572
8821
1233
6502
9853
2306
6837
1097
6483
8626
6575
2586
6727
3225
2031
7232
7819
807
5262
8109
5417
4029
6568
830
6648
426
8848
1972
5653
8141
1131
9292
5421
6853
6811
610
3310
6774
9536
3127
1043
6262
5677
4749
1221
2366
304
1454
899
4051
7669
5989
8483
2449
9719
134
9368
2127
3089
230
8331
4045
9057
9434
1536
6684
6459
8863
1300
5370
7561
8998
2015
1792
8316
9591
7117
6931
1694
8777
5038
9585
5367
3250
4118
2696
2489
8449
2281
2413
5697
4853
2921
7602
3795
3652
6989
9194
5310
7749
4752
9213
8061
9008
5738
310
3469
8392
5326
9720
2062
4964
7061
1492
2664
5874
9611
6664
3298
8054
9712
5101
5680
1060
8620
369
9817
6718
9176
4511
4667
8910
1154
6594
3839
9728
4799
6549
2409
4397
7366
8625
3453
3066
1382
6419
2989
4050
9965
3557
8209
1415
3128
8194
8321
3965
9262
4441
9908
2218
4358
7342
6622
1865
1692
6179
5796
3047
5110
6756
3992
3253
2633
4927
4309
1345
687
5182
7744
8371
9177
744
8518
5821
9475
2654
7772
4733
2905
2596
3892
9234
2439
5976
1558
4276
3777
7550
1232
2543
2424
635
5362
897
4302
3912
643
5944
4797
3880
3791
7723
7737
9692
6559
1413
4000
1051
3498
3043
1373
8568
3077
2589
738
1741
3640
4244
8428
3287
1925
4114
4924
4819
3750
7580
7752
6324
3959
9007
6962
6928
9891
3078
9462
3623
3309
721
3696
561
2170
8388
4236
8691
3917
7585
8421
3055
8480
7740
2219
9427
102
1346
7324
7691
3484
3920
2806
6659
8521
2774
760
8540
762
8270
1452
1549
1960
5567
5730
5374
7412
2221
6589
6109
8380
9820
9441
9482
8310
1578
5160
2033
4277
6653
4404
7689
3634
415
8670
2089
6361
1863
613
5116
4671
588
7096
9722
2933
3158
4680
5544
2223
7936
7991
9961
6255
5232
6034
5042
4228
9576
2936
6923
9651
7771
4034
9184
3338
3395
2093
8650
1462
7277
5639
6611
2309
1388
3868
9315
6523
8600
6350
9417
7079
2549
7359
9309
8199
5601
3246
7887
4371
5468
4502
6469
7913
5519
9575
9210
26
394
7353
6421
8379
9146
9116
8877
1165
2480
1197
5115
7283
8759
6299
6247
5931
1870
1400
65
2861
4437
724
3574
5459
8708
4483
3808
4959
5142
2421
2206
4339
8232
8325
7516
9120
4227
6437
3185
997
9098
2531
2941
3681
9411
3778
8165
6306
4077
6666
7480
8292
2571
4577
179
3998
1651
2167
236
9711
2769
8866
5560
7531
5170
5375
4258
8185
2691
981
7718
7694
5406
9208
7726
3609
3724
3335
9708
211
5025
4906
2214
6886
480
4994
7019
9016
1302
4566
4992
9664
1806
1572
6156
5347
11
1716
1312
5688
3831
7965
4131
2128
914
4939
802
8191
5661
3754
130
1856
7783
4788
6949
5325
4055
438
2275
2298
6538
6378
5485
7442
2292
1550
8743
1198
7064
1674
3638
192
1567
2437
7704
3481
1712
282
439
1612
1138
5280
4440
9114
7391
9028
7624
3441
3787
7542
4113
4500
4444
3112
3297
6805
852
3360
3988
5197
1501
3167
9589
9476
9335
9673
5975
6103
2813
7254
2405
5424
3200
1147
4374
6508
3326
5062
4679
3386
1539
2662
271
4977
3748
7865
5623
7149
494
1338
3986
5707
1226
6633
8157
2632
582
10000
4243
8268
9660
4002
4091
4841
5106
3238
8736
9019
1737
9039
5903
698
1584
8416
853
5978
4835
9436
4702
9082
1500
4175
8630
8610
705
5593
4779
9979
8276
7060
3977
89
1284
9370
5117
4430
9171
9457
7739
8404
9643
2072
1974
6864
7481
3186
2609
6072
9638
4693
1804
7097
4224
751
1112
669
1671
7517
869
9810
8987
4542
6629
1791
1998
4019
5722
976
5191
9848
8488
3357
3554
7808
816
2493
7376
1797
7470
237
8212
7770
1358
7655
8236
113
3364
2883
268
305
5574
8937
3772
7345
3901
5462
7468
7243
7490
4199
7500
315
1303
8553
8870
5067
8025
6058
7641
124
7334
6536
3433
8584
4001
1591
9308
2342
7337
2741
8851
9258
223
4057
8412
5943
1125
6677
8439
4876
3641
76
7633
9634
7626
120
7011
6785
4999
6779
4292
5102
7828
8349
5916
6395
5935
9031
4009
7408
752
66
9105
1311
2726
1039
8196
3765
8904
7940
9846
5499
2238
1840
5737
2408
8415
7265
9525
1168
3553
2714
6258
5076
6265
6859
314
9363
8956
2976
336
4801
9465
4101
4624
4275
8208
9382
8144
9271
2909
2222
1889
9032
9807
3495
5317
9922
7146
7378
4909
1291
7121
8485
4254
9912
2522
1253
8506
1377
6820
9680
9838
2100
9514
9115
6975
4455
9600
6276
7453
1130
3100
3530
6842
1236
4333
2264
5620
6514
1629
1209
1815
8707
6505
5866
4558
4815
3517
6136
3567
9797
6591
4901
6742
2556
9571
5670
7888
3594
7150
8458
4480
5752
5486
7199
3943
7194
1192
4347
473
19
2029
9829
5766
4975
253
2190
2908
358
7083
6910
3086
8047
2191
9902
1918
2583
9738
8190
9676
262
8587
3859
8186
2699
1146
9173
3026
7065
2230
7657
8641
6767
4008
8452
79
4121
1980
607
1458
5391
606
7313
1181
7363
7668
6597
876
4238
2682
9397
2823
5469
8269
1042
3673
7056
5494
3243
8454
7123
8463
8502
8039
6300
5079
2253
59
7889
4024
1101
3378
229
6506
68
3339
6043
3876
1341
2343
6073
4211
3680
2924
4839
5055
5958
7768
8300
3011
2350
1335
2857
865
985
2849
756
6870
6149
7389
7697
6260
7349
4560
55
5434
7255
1087
9118
1442
2304
9819
348
8499
9267
1091
2023
7399
8265
5595
3643
935
3902
6045
662
9027
5732
711
5930
119
4723
6297
2085
7534
3304
8214
5588
1976
839
972
6690
6588
9131
3166
8202
5921
1641
7577
110
5655
374
1465
8975
6343
4087
169
5759
1325
6635
7629
9647
7311
5437
6370
2097
7343
6595
6386
7395
6408
1398
2233
2006
9389
5089
6947
8890
8240
3579
7778
4761
6084
5758
4365
2718
999
4283
5059
9430
2289
5883
4866
9030
3263
7197
8738
171
2801
7195
3827
5448
5871
831
3809
186
5388
8823
7236
8059
4983
9467
436
2693
7952
2679
9948
5405
2432
5966
5366
2240
5970
5698
5408
7932
2546
8651
7274
3075
6878
403
1586
6620
8554
3968
3247
2377
344
1237
2605
2177
6631
5161
7532
4628
7327
6716
9801
508
8588
3785
4938
3196
8033
5904
7351
3650
4212
1710
9710
964
6088
4355
2248
5710
6529
3843
2847
3864
7143
6013
3529
3240
3782
1219
1428
5095
8479
9874
5760
2545
9056
3399
9981
8787
1547
5228
4598
276
1223
5044
4342
147
9913
1482
7976
7670
9413
794
7373
7677
4490
1830
1357
4755
5809
4137
6521
1124
8456
6784
6447
4626
8389
5891
6533
4697
4950
7878
8357
5814
4327
5508
4028
302
623
5967
8490
8954
8810
4784
4967
8407
6988
5220
4298
5173
2916
8179
9484
727
4361
7881
5257
5049
5841
6736
8867
1839
1227
7220
5704
7176
2510
9350
8542
1655
182
6558
8459
2326
4405
7417
3531
3029
9862
8448
217
1103
2777
9783
8835
1695
977
7902
9469
3487
9392
1877
5927
3090
1654
7
4095
6612
2273
3751
8534
9517
2803
5314
6709
9988
6052
6148
6268
7925
8889
1254
3964
7282
4772
4638
4834
4219
8111
7479
8660
4910
2149
5340
4742
2044
6627
7364
4195
8945
5575
5088
2658
3817
2078
9579
3559
4439
8550
9799
1953
2280
5582
9768
1274
9203
8631
121
1294
3146
3656
408
3695
9583
2666
7438
4487
1825
2145
8817
8060
1448
3275
1371
769
5184
406
1000
6364
8800
1296
4475
4632
6804
5897
5988
5694
506
5971
5261
7063
9227
9602
2357
6340
750
2022
6527
1845
1397
5290
3596
2687
1403
222
5552
7754
3347
8138
755
3978
6936
3336
2735
2255
7874
6000
5399
7383
57
3192
2037
9069
2487
2590
1987
3815
4381
8764
9337
2621
7047
3081
1602
3124
4574
4071
989
6126
2688
7882
7845
6934
8453
6159
9405
1471
150
8925
5492
8219
2967
9346
6292
5041
648
4021
4960
4567
5699
4769
372
8541
1921
9398
5762
884
5275
1006
4250
9232
7560
2131
2137
6914
4602
625
763
3830
6911
3391
5991
4142
8304
1860
9479
9149
4795
5502
9371
1310
8150
8233
7275
2020
7078
7459
8788
401
5018
7812
4395
8119
5263
5215
1723
6703
2961
4798
572
4120
8950
6441
5643
4245
8147
9963
5151
3126
4088
6520
6833
2061
969
8095
6189
9918
3190
7631
5865
1379
5132
9296
5205
8289
8603
6535
8200
7037
7665
7968
8242
4985
187
4429
3342
2430
6998
9459
9623
7998
4060
3218
4636
4914
1021
5158
9930
6722
791
7144
8832
6903
6288
5720
5551
8886
8155
6782
225
3633
3664
7471
9507
4720
8390
515
1760
2416
1949
2787
4833
4592
8253
6554
2620
5531
9973
5056
5625
1938
4041
858
944
6715
205
7110
2312
3522
2584
9898
2032
5251
9665
1942
7073
2935
6187
2897
8530
7177
5414
8528
9014
3534
1895
1778
6888
8795
768
8052
842
6907
6707
8719
4401
5505
8573
9751
6462
4666
3195
4803
4902
8984
2047
5529
6430
5156
258
7796
2607
5091
2453
5339
7847
2021
4804
5911
9377
8317
3172
3535
6101
9688
4677
111
8068
2036
5714
8574
2749
6117
48
9552
3398
1642
4785
4459
1970
5767
2284
9553
136
1928
4526
8161
4084
4942
4958
9362
105
3489
8011
1376
4328
7512
2898
3526
4311
9342
8496
4352
3572
3657
4786
5435
5632
4850
6902
1833
3187
466
9852
7606
1898
4746
5289
240
7844
6173
5138
3109
9529
2393
5748
5428
3732
9618
1774
4789
74
324
1576
1445
1159
407
8754
674
2651
1986
380
1023
7114
5103
3257
562
3989
7568
4651
2135
6003
9494
8478
3457
9568
9416
7573
6674
6831
3159
4287
9033
4049
6434
6670
2081
8879
5833
7403
8567
2629
9002
5619
5929
8491
6129
4889
8802
3424
2162
9282
64
9260
1235
3211
4391
1556
7130
9932
3539
6942
4171
2734
7999
3106
3427
5522
6913
4154
7711
1827
509
9565
9355
6606
5676
4620
7839
822
3496
8791
7300
1432
685
7703
6348
1518
3727
938
5747
2212
9174
7803
4472
9508
4775
8140
2457
1193
9327
2986
2492
5561
5031
5221
6164
6532
5804
7445
4158
5419
6843
1255
1150
6490
5793
1882
2305
5686
4373
9322
1940
2500
7910
435
3119
3789
2001
9276
7384
1904
8386
9734
1789
6397
4488
6858
8891
6221
2317
6655
6263
8136
8973
4719
3316
9739
5359
8722
4861
5668
3049
7186
6020
8578
8028
9400
1582
434
8213
7362
4820
638
8515
6360
6181
5470
9505
4653
9920
5236
9986
1435
2272
7972
3671
6396
98
7466
3702
3679
3120
2065
9567
2820
2975
9923
5478
7521
3350
4393
800
4736
7209
9999
8763
9564
1047
6773
2573
3508
7537
6155
5853
2180
9125
9903
5673
2267
3682
3007
2903
9124
7948
9067
2
1298
4787
1163
2096
3277
7201
860
7495
8907
1945
9279
7036
7045
7109
6454
7571
9996
2519
8050
9304
2602
2201
9281
2506
4980
754
3182
4196
1902
9625
9836
1287
5491
1832
5586
283
4119
1339
9743
6668
5369
5949
4851
3269
1001
6145
2594
1436
6080
3719
6409
8255
7830
8935
6955
1421
2351
5631
1022
6663
6357
123
78
6821
9774
6909
548
8359
490
7850
4708
3471
386
1290
7776
8775
3164
4148
1319
2570
6993
5328
199
5777
8399
2652
3723
6201
8197
653
9821
3500
6984
2667
5733
2108
6192
6493
6061
5785
1861
5605
9251
6507
8711
9326
6303
9942
3854
3821
107
4643
2926
9561
9716
740
3649
293
3972
6990
8368
9662
764
6812
1472
5861
9925
4726
7237
9937
9157
8967
7873
5629
9878
1052
3969
5012
1031
6960
3288
6985
2260
3148
3588
3722
4968
6446
3073
8699
5149
3800
5279
4951
3881
1555
6897
1828
4949
4961
6754
9667
1286
7917
7250
9179
3629
2786
7578
1672
5806
2858
5384
9216
7460
6442
9391
9077
7642
6940
4635
8901
9141
9317
3829
4442
1488
2049
7053
3954
2502
3408
7698
2323
6685
8417
8581
7557
7868
8413
4030
2644
1054
9541
3154
7656
6332
1588
781
6602
4503
2052
4085
6025
9316
8920
6257
8411
6750
8243
8162
3082
5135
2874
9287
3812
5530
6510
2464
5784
4134
790
6958
7575
8971
7686
1592
2054
355
6390
6584
3145
2028
6266
5360
8698
1201
3362
7296
1100
2627
3477
7051
952
4900
7159
6349
618
9657
3387
4182
1344
1497
9760
3358
9636
907
7346
6819
6056
2141
5300
9658
3417
7769
6880
2839
4042
8844
4170
1431
1179
9088
9864
4386
4794
1765
3216
1805
1104
2153
448
1111
553
1350
571
4271
7763
7393
7034
885
5735
2599
1095
6871
5681
9244
8251
9805
1267
6238
2440
8093
6872
3905
1096
4767
8816
4545
664
7320
9915
2810
893
4484
4446
2227
3430
7945
6042
5995
3248
4448
2084
8367
8008
1992
7931
8546
2643
7869
5412
688
3442
6214
7230
5941
2772
2079
8933
1084
7792
4330
5312
8245
109
3184
2151
7238
2129
2239
3720
5763
6482
2276
7915
1365
6726
1733
6661
4989
592
3199
5463
5628
8569
274
1844
811
1230
9827
2156
4449
6420
4332
3906
5027
5858
3665
8814
2067
1509
8264
7032
587
1552
9302
2665
5987
2853
2716
7662
7514
4704
2917
5855
1007
4308
7879
1892
9483
4256
5267
6696
743
7133
5298
5131
3824
1247
1057
3577
5022
9246
5882
299
7975
4754
6676
9886
3823
2548
1705
8871
6393
5868
7278
9904
3786
6713
3352
4187
7730
7586
4203
1622
4341
8002
2831
5955
826
8370
1761
3735
9188
550
7477
5364
8642
9006
6362
3899
3739
7233
1740
5585
2704
833
690
4326
365
5803
8524
91
2850
2559
2452
9054
8339
7035
8281
4129
3692
2443
6901
7006
1748
4681
3264
9759
1721
6724
8529
2579
6407
2650
6626
3568
1848
7788
6472
2148
7499
2327
9089
7042
1295
1685
373
8079
4937
1604
8696
3776
1662
7496
3355
4918
7070
93
559
2092
924
4421
7267
106
2527
4144
8474
6528
9515
1327
8350
8745
7969
557
1439
4460
9909
7279
9960
2680
7989
2890
5216
1238
1224
9291
207
2991
9610
1665
375
8616
423
9190
5294
8113
5154
5501
4816
2913
2348
1587
2582
859
679
793
7574
7289
3229
5963
5864
5490
301
7394
2301
9003
8594
3699
5026
9163
2592
2431
2441
682
1249
331
9365
1605
9875
3933
6504
7472
911
7777
3982
4474
2957
5687
3926
6107
1579
122
7392
462
555
9376
7208
5603
745
1795
2703
250
3961
2090
7153
9103
3844
4606
5534
9511
7616
58
4670
8571
4809
3403
8957
3331
3661
7727
2566
6254
4614
9419
4216
2904
939
3363
4204
529
2798
9286
1725
3767
6246
1726
7093
5734
9892
6467
7588
3806
5602
7080
464
9186
2581
3631
3006
4433
8116
3488
5711
9165
2822
7950
2540
1872
2619
4813
3850
5014
8320
8009
5271
6519
7811
3712
4509
3771
9724
2534
422
1070
8163
9559
4714
3439
9490
350
7848
6273
9970
3592
4107
8842
5329
6406
4881
8728
317
9754
2821
6640
870
8668
1901
7923
3524
5090
5571
8789
7593
1161
9154
4768
8295
3010
1195
7074
7800
654
3003
7407
5909
5576
7054
5071
6054
5709
1473
4161
6665
142
6879
3464
8855
851
4928
8638
4070
7764
598
9828
4169
6995
9318
9202
8216
469
7188
3841
77
702
6186
32
5287
8293
2247
4870
6848
4387
7227
6066
777
2395
6809
137
9793
1862
1019
8398
6850
908
9506
7252
5872
4605
1033
5901
6091
1009
2251
9474
3625
2175
9594
1062
8171
9526
4561
6219
2243
8282
2708
2981
6353
7567
3618
6873
6500
4273
1589
7924
8997
9671
8468
2340
3513
7244
5993
9726
1667
634
5678
3921
5663
8164
7421
9584
5210
4038
7386
3406
5778
8205
4255
3328
9700
2365
7605
3233
7757
934
226
7613
4190
6035
6384
6608
2269
2195
5654
2536
3097
1080
7527
2880
2837
4334
5082
1094
848
542
5475
1907
8438
805
4281
1709
4920
5850
5277
7448
4185
9387
449
620
709
9519
4737
3807
6623
5789
1955
131
4947
8884
4551
4895
6948
9059
5438
8414
7806
3201
6697
6702
3008
5474
797
5936
259
6534
874
8484
3814
661
3849
9037
5466
5816
2864
1943
7871
9113
1206
9627
953
4532
4908
2767
6526
3497
4409
8352
2851
349
2672
4016
1951
986
1537
1320
5209
6609
6417
7688
1402
6076
4370
4163
6840
8343
3478
9699
9437
3118
5879
9769
9916
6883
54
2819
5409
5100
5786
2412
5783
7533
7513
2567
4068
4184
9330
9839
4867
3896
3852
61
8577
8324
2501
725
8435
6904
1250
6741
9714
4955
1449
1700
7451
1071
96
1932
4981
7785
7225
5009
5387
615
959
2717
2159
6881
834
4498
2732
4400
3454
4966
1239
8195
5085
8071
8182
87
1724
1107
2748
6491
7545
6551
4389
3020
6592
1800
7504
9440
8653
5587
913
943
277
1260
2601
4957
6971
2990
3581
5297
8926
6723
3855
4
4645
3356
6059
6976
7431
5194
8084
5994
5535
2231
1632
1568
3436
4845
8267
4984
3700
1217
7332
3790
7049
8107
6776
5380
9661
8329
4289
616
7963
7523
6643
340
233
5120
8500
9972
9126
5361
7598
7263
8737
5144
513
2139
8714
4995
1911
5420
2971
5886
5581
7683
8667
1948
2091
3332
7787
4468
6922
8513
4668
9997
9795
5337
3585
3999
8220
2048
2071
5092
6391
880
3646
4465
9984
9841
1533
867
5539
7178
4410
1483
9022
8078
3675
9897
4662
6193
7643
5179
46
5451
5634
108
771
6877
4105
7786
4285
8656
8570
961
8344
1392
6007
1035
4766
1947
1120
8864
5666
748
1736
198
8652
311
3491
9650
6603
6298
3426
9550
1356
9442
7008
1137
1532
1490
4830
2110
3685
8487
1396
8601
3848
4952
7693
735
3367
1380
8516
7348
2481
8839
683
9303
4435
1897
2242
4443
8637
4701
2537
1978
4508
6768
5918
2051
318
7836
7415
3505
1767
1076
5315
9085
9598
5584
437
9359
1041
6813
1188
8731
2040
8378
6628
4447
1647
4150
3244
4699
7759
3254
2577
1636
2884
6763
9231
1450
5805
8110
6647
3312
4086
1083
5555
9605
1929
6235
7101
6908
580
1968
5827
9068
6017
8045
7025
9781
8328
6861
2532
5272
7635
327
6197
4855
5176
3882
5800
6802
5934
239
5902
9822
843
1829
1627
7994
1064
4320
5749
6431
9672
5877
63
4202
366
2410
9236
2715
4879
2205
2056
2463
6822
8465
8733
631
1577
6541
5345
7797
1831
6851
2488
9055
6476
612
1447
6380
2165
3627
7746
5516
1744
4931
8939
8760
5507
9527
1143
6217
2225
5495
717
5313
1967
8781
9223
5147
2163
3449
4970
7781
577
6026
6762
3014
2977
6486
8959
1288
2949
1764
6171
7634
7335
2725
6383
1650
1144
7331
1321
786
141
455
4993
9075
9239
8779
4076
2730
3944
9288
967
4062
9379
1189
5482
9011
7995
5309
7855
4512
7396
2009
6142
3604
309
5520
4838
3684
7305
1017
7170
7306
1546
7173
9782
1040
7164
6662
2660
2210
5087
7380
996
445
3541
5739
9868
6269
647
4579
5153
5206
4189
6481
9504
1513
4025
9354
4913
7057
1997
7983
915
5146
370
8932
5684
8899
7381
5869
4252
6583
6191
6484
5378
9415
9083
8705
9888
8735
3835
3039
3552
285
7816
9240
8695
7398
287
7447
8229
3558
8841
5703
516
8004
1020
9044
3660
1661
298
5430
4127
4530
4905
9646
6542
3939
9546
208
1440
3828
9024
8740
2757
4846
5772
8794
5761
332
3925
9047
9926
3994
5617
3628
7385
7814
3711
6687
7172
4776
9448
758
1176
9063
4396
9170
3366
7569
9048
4563
3371
4773
8902
4335
5068
8291
1258
1635
1514
8974
1850
5656
5148
9040
3570
3150
7473
5479
2635
1457
3202
2415
2308
2429
7387
4197
1292
3198
3163
5035
5442
922
5211
7379
8152
6065
6344
368
1560
5128
6865
4362
3334
6078
7425
3319
1410
4445
9899
5157
5283
8990
3084
6146
6358
3071
773
1352
9894
7997
8467
5040
1847
6693
214
3602
7648
9268
5295
1565
5645
6925
8742
2824
2630
9172
2760
5019
656
2710
9143
9741
4715
491
8647
5480
9851
3382
988
2184
9757
7457
6556
6085
609
2692
6862
6479
6410
5541
5357
5685
2791
2315
5348
5878
7169
4153
5940
6081
5553
4654
1331
3476
2008
6202
2050
7329
8362
9794
7048
4672
7487
3975
4604
8826
1912
2282
9548
7622
3092
4892
2126
4321
4394
8593
1173
6516
589
8175
4139
5799
6846
8703
6755
2053
7675
1617
4072
832
569
7086
1178
3976
7094
5664
5513
8702
9412
4557
3605
4893
9593
2263
8318
2872
1621
9197
7789
232
8977
4943
9686
533
782
5756
1174
7204
1283
6256
35
1416
5873
998
9388
4080
9020
1756
4264
8034
37
8943
1796
392
1281
8732
8913
7258
7646
5231
6398
8615
3936
3521
3129
8701
568
9613
6738
4191
4556
4350
3380
8166
6920
8385
1624
3533
6720
9577
5203
1113
7967
7774
9644
9555
8244
6004
8724
2114
7824
265
4759
4221
765
9247
5105
4109
9512
5649
1516
7000
1656
5245
3117
4976
3956
3157
8354
8188
9489
8623
1148
1508
5908
4098
280
3252
9147
5838
7547
5155
528
8201
6048
8497
9640
772
8981
646
2932
7374
9492
3415
3351
9086
1464
5773
8223
1610
8898
7155
478
2194
6016
4210
8700
393
1322
5250
5358
4268
204
929
2237
1793
6329
2286
1520
749
9824
7030
8947
5907
7314
9432
5061
146
7825
5039
4665
1157
2683
689
6319
1191
2494
8677
4385
8231
547
1903
2747
9825
6037
2303
8982
8418
7834
3057
7191
3887
627
4796
7637
9921
4997
4854
4067
3266
1470
8156
1427
4734
8288
7570
7023
251
6170
8013
7579
3035
4294
3856
6326
6828
5948
3002
7429
4217
991
4691
1522
9780
5693
4266
2193
1045
9580
8830
4151
10
9635
3245
6153
8692
9004
7518
4682
4847
1480
4618
4916
901
6537
948
5057
7059
2873
2418
2019
5239
7147
9195
5662
1739
3543
8858
7760
6695
814
8605
7139
8351
6522
3866
9378
1891
968
1727
267
549
2138
8501
5875
4356
2385
1975
9958
2951
8608
6673
6771
3691
2115
7135
5606
4553
993
8512
2588
7660
7319
2836
8897
6637
5402
521
3647
2336
7701
651
8121
9877
9510
2183
5371
677
3443
7145
488
7058
5379
6977
1502
8882
2483
7651
6062
3793
7249
1390
5960
1367
6301
601
3324
9867
2155
29
9959
8720
7372
4990
451
9265
6309
9386
5679
2923
3455
1005
1133
2479
3315
1813
8503
519
5996
1381
9238
4316
1213
4174
7639
6582
2507
4426
3384
2182
8173
6317
9889
6295
3203
5229
9652
1142
6954
8924
487
139
4555
193
8457
1262
732
2669
6323
4168
7405
9998
1658
3009
919
9622
3181
8778
1749
9976
7699
6236
5775
4858
1306
7308
2375
1823
5636
4810
8771
7482
9042
8127
595
4573
9521
1375
6692
3863
398
342
6435
7128
5669
5999
2783
9900
1735
2518
5136
2578
7328
9307
2952
8384
596
4506
2597
1754
7779
2387
440
3227
2132
4467
1937
1729
4792
836
2295
4145
4594
973
346
3770
1619
6203
9253
1032
5332
2082
3571
6369
238
1917
8271
5192
6275
2094
3970
9524
1426
1775
4550
220
9185
7620
261
2982
4613
6122
8024
6793
5618
7678
8527
4514
1208
4235
5880
9407
4652
1194
1738
1394
2525
3095
9289
9804
633
9021
8673
5440
6706
2833
7798
8022
7107
8227
5284
5568
8836
624
228
6610
2966
387
1136
4346
8876
821
8834
8552
5788
6049
8427
4310
9844
6680
6318
9990
6867
8256
5266
5096
5624
7506
3632
9138
9991
7214
362
9789
2059
2346
1419
9217
5227
7005
693
3538
2996
8597
7801
5033
6365
6890
7430
8665
6176
4554
5178
3141
2026
5404
8949
8632
8757
6932
1423
8607
9588
6778
1272
9128
6921
731
4660
1190
2458
5477
7949
9096
3878
3515
117
2931
3048
7818
2188
3278
1857
3644
4354
9061
5145
9629
1276
2637
7347
9503
6747
6524
3934
5130
6973
719
8912
4092
1596
906
5217
5493
8064
9682
8596
8382
861
2407
6579
9882
1182
4291
1485
4272
1853
4491
3242
351
8284
7003
7260
650
9145
2576
7021
5641
3046
8717
6233
3955
5725
4297
3924
4748
3962
7001
4141
9080
5689
6906
2226
7984
3255
6466
8999
8124
8431
3548
6935
1715
566
605
9869
1615
905
2618
6279
7912
2709
5888
9816
7733
6618
9655
4007
5719
8279
1056
7672
5782
8713
9544
9790
493
215
1734
9857
7502
7303
4781
4657
8429
3893
6227
4565
4875
3111
9078
8394
6320
1455
4793
1574
6237
7930
8849
6166
6267
7360
7299
6646
6333
4427
1554
6593
926
6854
16
129
1977
8582
7896
1570
4722
694
4584
7603
3818
4046
2417
8993
6389
2943
8566
3562
3492
819
1175
7773
8010
9893
2844
1478
2623
2728
1519
9603
7864
2553
5481
3001
453
3178
8894
2938
6413
8345
8715
3219
573
1025
2593
4282
4595
6938
7615
4301
5965
8091
6743
3734
7085
1085
5343
2612
6296
5938
5460
792
2846
7474
6444
9569
9161
257
1812
2258
483
4263
626
6068
4760
956
7463
4304
7102
6415
3490
3603
9361
6543
1809
6576
2818
8397
9713
7964
5745
6079
4863
896
8539
5577
706
2373
3241
195
8762
6789
3840
3479
6036
378
8184
5920
4859
603
5433
9549
245
2325
9748
6974
8283
9035
8895
2515
4856
6775
7269
532
954
4890
3392
9485
1914
5464
9052
4695
3318
2814
6132
7753
3322
8837
8075
8120
4771
5127
6347
5074
12
433
7832
6679
1768
9229
352
1049
5801
7992
8685
5047
3013
1180
1566
9858
947
6926
2918
2812
3857
5112
5843
5549
4925
6093
2972
1240
8575
1790
3381
6638
2215
6401
9558
2800
49
1896
6749
9849
249
3742
3520
1628
3373
9312
9206
2142
2804
6086
2841
7985
2111
3108
7033
2496
7636
4501
2561
545
8911
3528
7004
7511
7898
27
1149
8464
536
2403
2776
4469
1908
2361
9730
1640
158
8636
5256
5032
2960
1386
987
5190
8241
5964
9927
5817
3224
3833
5072
7390
1304
5974
803
3420
9554
5004
8218
1055
4317
463
8979
1305
7652
787
1487
4535
6092
8430
9731
4126
3369
4054
5376
5671
8806
3142
7946
6967
7607
7685
2892
1838
5621
3032
9744
5983
2550
3170
4078
2805
8681
347
1821
9106
1919
9348
3283
659
1282
140
1759
5741
5476
7617
1467
126
4740
8228
7235
737
9678
3431
6339
5353
2274
2992
8323
8741
1991
746
6253
5465
4166
7461
6124
5798
6232
2868
2947
8252
3846
492
7281
5721
9091
8840
2700
7028
5862
7215
2329
7927
3794
5447
9977
8918
2541
9111
9219
2657
8020
4135
6895
1962
4609
6769
2686
7013
730
3482
5744
1808
9705
6100
1745
9880
6759
7118
356
6379
2007
6889
4103
5712
9771
8829
837
2983
2169
9938
4744
8436
3979
6029
1782
4004
8869
3615
1936
4619
8687
4590
6327
4005
3853
558
2615
3231
2103
7330
4338
8579
1846
2744
2122
7229
1196
8086
845
2476
7108
6586
7659
1273
8618
5126
5510
9840
5443
8669
8770
52
9053
5919
6869
7505
4811
6095
5011
7530
4037
7007
3429
2352
7081
3555
703
8041
7245
8092
4971
1244
6827
6788
517
5114
2293
4998
2815
7076
2705
3404
6766
6460
7268
4873
9256
7189
30
2068
1044
713
6751
1203
7807
3301
729
1559
8442
5235
4935
7318
9604
1611
8441
8372
1836
1117
3027
412
8133
9617
1089
1581
3058
2347
4179
7566
5344
8006
4226
9129
697
7905
3226
4233
7738
9946
4200
8671
1935
576
5444
7262
3725
73
1926
9747
681
3544
4578
3862
4899
5382
8915
6641
2200
7908
3582
3305
8443
9531
260
2731
4044
2984
2626
4907
6371
7866
6094
8230
9450
3586
8145
5249
39
8811
6835
194
1966
7590
4201
8905
1018
4673
9767
9284
8016
7462
9884
7856
2796
563
8259
9150
3950
1218
2963
6259
4965
2524
47
7039
7212
4414
8298
1404
9452
734
175
8275
3019
8423
5268
5550
5411
8112
2197
8953
396
3249
4963
8755
7241
1924
6426
2144
1098
4286
1753
3698
9273
3507
6033
8181
1015
9620
8007
6014
6499
3093
2856
7986
8466
1075
8360
8504
678
9684
3731
8057
7973
6730
7732
5917
9321
3037
801
4307
5166
1
5260
4849
798
4705
2993
7941
8461
4562
4534
6234
1323
2762
6051
1757
8919
1668
7707
4363
5083
6249
8750
7361
5523
9092
8062
691
4885
4138
3753
8519
4382
524
4631
286
8153
8409
8000
4205
5006
3516
868
978
9615
4428
6497
3308
6772
3401
8934
9410
4648
8686
6930
112
2261
4524
8856
2345
6143
5075
6599
3053
4678
367
7304
421
6578
8612
720
6844
3907
2514
5086
1468
6118
8664
6992
4694
1141
3826
3217
5124
7971
5952
3470
6745
6163
9497
9537
9456
8917
1842
2707
7793
1770
7805
992
6438
8562
881
4229
9472
8395
1078
7599
4178
8030
5837
759
2942
7993
3590
9313
1090
4897
1834
2106
2105
5540
531
2766
6795
3560
6039
4661
7226
7977
8661
1068
1498
4079
1081
7119
6965
9654
982
2780
5407
5334
5851
5980
4549
5728
8555
8805
6428
1551
882
9695
9243
1771
7317
9798
4043
6882
581
5010
275
8565
5910
7939
3194
1590
7273
7880
7528
3437
7551
6617
3608
2010
279
5223
707
9257
5307
8044
5301
1326
3580
1385
7158
1527
7833
546
7483
2002
4886
8989
4725
1225
4110
4407
932
7700
3716
1114
1384
9606
2364
9133
1524
9870
9299
6331
8492
3738
9856
1433
7223
1941
1324
1092
1317
7810
5807
2513
6794
7426
5207
1106
9974
8083
9649
3300
6111
209
2919
7450
1563
3486
4450
3710
4020
3563
8533
6863
4177
9540
3234
419
2677
8940
6810
2512
9933
8221
504
5770
7710
9866
475
5247
5452
5863
7503
1886
5108
1888
847
9025
6090
4836
371
7627
6964
9928
6216
7853
522
9181
7584
6283
2624
2617
1271
9336
520
2808
9325
5324
8734
9454
8654
1270
6721
7498
145
9808
6475
2397
1717
2462
7257
6671
7872
420
8017
6040
4344
9306
5635
2344
1817
2208
2378
1711
4763
6619
4860
9803
8019
3180
70
2901
5397
4300
2254
9369
7411
7821
1170
2826
5270
7572
3354
6206
3173
9570
2742
9477
511
1676
4529
4607
5638
9046
4603
6439
1343
2456
701
5961
7654
5046
9001
6552
9119
958
6929
8613
5923
6468
4675
3468
7690
5349
1241
6689
5518
2244
1750
8725
5818
3183
3292
8377
1002
200
8576
4406
9144
3811
3149
4343
5037
3877
6733
163
4676
1852
2910
7876
2354
5237
6807
8085
8706
1128
9955
3389
1810
850
7546
6240
622
1758
9072
9254
3390
2379
9094
2035
2179
8005
5926
7702
5769
3299
4919
9394
4124
8572
484
3741
3780
7554
9455
583
8309
2959
9578
2107
2099
552
3143
4824
5167
1082
6125
3803
8655
5401
649
2974
3591
5633
3428
2236
4497
6892
5708
1985
4357
7921
8658
5418
5003
3070
6761
3502
4061
2337
2249
468
6686
1678
4790
2915
3320
4865
5811
6986
6314
4572
8396
7859
1864
6450
2066
9599
5558
597
7024
2953
2955
5615
1486
5303
2595
1777
2045
8176
5415
1707
2706
4377
9776
928
5119
3940
8114
9755
2792
5596
1308
9572
402
6
3493
9383
5109
2283
1663
6074
4986
7510
212
6857
2383
9883
8363
8923
9364
9607
575
4917
8964
8104
8598
5832
6392
5489
2946
6133
7029
3311
9275
9698
1503
8115
6753
216
5020
8585
9331
951
4230
7452
742
1905
8332
1474
2024
7017
8753
4507
6087
196
1689
8747
2843
8942
3114
9637
9733
741
9274
7207
5646
1030
2563
7852
8727
157
454
2678
937
7171
9860
6644
6473
5957
7594
1364
3282
100
4360
1653
4669
9668
2133
6304
8058
7886
7016
9586
3935
8697
806
3258
6289
8535
828
4979
7259
155
710
8549
994
2259
3689
6645
9670
2042
5696
7069
1659
3728
8619
9845
2788
7692
2503
8168
479
9500
9224
3080
8510
9772
8451
7840
9812
3523
676
9390
3942
7124
3465
8261
6174
5453
2997
6057
9950
9859
1412
2752
8126
9428
9562
234
9944
4452
5431
3060
4546
7765
31
4712
6282
2396
4260
7562
1530
3041
3344
8425
1037
444
2211
3761
2168
7612
7809
8446
3688
3879
2907
7623
4192
4116
512
291
7253
2729
1946
7196
6731
9491
6530
6996
6891
6083
4840
7862
6980
6064
784
1785
1202
9347
6841
5982
2870
6082
4655
1299
7287
630
148
950
1222
6277
4066
2455
3637
2600
2842
4883
7988
6412
7454
7877
4877
9242
6708
5048
4026
9681
7974
1964
8142
1598
5162
3869
3630
3669
3466
8676
4585
3958
3206
8723
4290
6229
8286
7132
917
6127
3639
3051
3911
3690
9633
9018
5599
4466
4232
7717
2668
2235
5898
9975
3836
983
6953
8709
6587
3990
4832
7907
9283
8375
8690
6137
3662
507
4837
1484
8962
2603
6564
6330
213
6231
115
1314
8850
9193
1626
3438
4398
2178
7619
1342
2069
6465
2634
9439
288
8099
7489
1401
1512
6887
8785
3918
4048
6158
7105
6605
1664
8995
9328
6440
4802
9087
6368
3717
3421
1443
8419
7291
2174
9169
201
1279
1666
5159
2999
2756
3536
8139
7982
8257
4462
1353
2631
1275
1116
7630
4703
3822
8831
5498
1696
8471
9940
5222
1693
1269
7285
6215
9778
4476
4650
165
3397
6458
1701
1204
9164
9770
1441
8178
3703
7782
5947
5276
9404
4074
7742
9403
9381
4471
8980
4823
1999
3065
9207
6069
980
7125
7609
4991
7082
8878
2075
2564
4132
2639
4615
9278
3768
23
6022
8847
2213
4880
5496
1172
5731
9619
1575
1703
6824
1434
4852
9406
9182
3805
118
6885
7558
7193
966
1858
7247
3804
1252
3737
1923
8965
3764
5894
984
9689
5542
7953
9779
5525
6957
7756
472
8522
733
4642
6242
7842
1824
591
9209
2246
2341
6180
1257
4625
1242
4552
2802
9151
6366
9332
1417
5001
3235
8065
3294
6799
5350
2673
3837
5196
6134
7276
923
9727
6511
2934
4658
2554
316
7706
4864
3125
5186
2095
8784
1597
2759
7443
5834
2743
9300
714
6432
849
5590
5815
8053
1510
970
5429
6006
2199
9293
8797
1625
2606
133
1152
2013
890
9653
6569
210
6916
5802
5187
2083
8129
1277
3388
4706
3614
8476
5163
1613
1363
9294
6220
4956
7813
8659
5845
8314
7031
7790
2641
417
1772
3584
1687
5852
6912
5265
599
8280
4593
8880
2640
4739
9914
5538
5195
1264
5258
6154
1220
9357
7221
5274
6424
3898
4479
443
3540
9199
877
5543
4974
2645
4214
9241
5675
574
1871
8946
4246
6544
3904
1110
4716
7981
9196
540
8027
7563
2290
7022
8804
4173
7724
3769
1564
1994
9135
4104
4774
9473
5052
946
7919
5890
2398
6209
3865
7027
7539
4231
7116
7884
1199
8422
4848
2203
364
2661
7041
2367
7780
4689
499
8595
5764
3
5396
8988
8646
206
4431
3672
3151
1139
8177
9865
3302
7307
7293
8776
3137
7903
7370
7297
8767
6634
1787
8475
8106
4548
3153
6291
339
696
153
8812
7485
7156
2899
2523
5942
7544
8481
6205
3169
377
8509
1261
160
3168
8424
4641
5604
3130
5293
5554
2811
8622
774
7491
4589
3088
7382
7312
1424
1730
9204
4596
5219
3165
1657
6281
5521
6488
700
5445
5123
9628
1751
1369
2076
6832
2958
8968
9823
6787
320
9104
183
7404
903
3598
8514
1618
8922
2064
4089
778
1399
3411
263
1105
5243
2888
9873
461
9556
5969
7918
9756
9041
5021
9178
5644
9876
9941
4915
3110
152
5377
18
1072
1126
4207
5504
5755
6585
2034
42
9159
5972
9166
5968
8589
5218
7900
7581
5252
9142
8101
6694
4324
2060
6630
8032
3991
1916
337
5487
7295
8896
2790
3177
7831
979
2939
7126
8148
5098
4729
2511
2876
1954
8749
6699
7909
2257
5335
2229
5979
7621
8094
4831
7494
4349
4035
7841
3162
5457
3016
5400
6046
6717
2676
2018
9919
1446
9656
2889
7122
8237
556
9250
4721
6553
1155
1491
7804
6334
2478
496
5488
4724
4926
6342
2435
294
6002
4225
2863
2319
3340
5642
4422
920
3063
2585
2356
2271
1074
4806
6752
6416
9953
2376
7897
5726
1957
9248
8643
2721
7650
9641
9642
827
9132
4747
1773
2719
2112
9962
3676
7175
788
2324
3189
1885
795
8548
8455
323
957
9818
8302
7026
5933
6110
2912
4013
1393
9522
1544
779
8657
8786
5139
8680
3461
9305
1504
326
6571
1990
5906
2930
2722
5029
2625
9663
9993
4528
1366
872
6798
9423
5925
6615
6487
1706
1162
7822
8544
4519
5512
7012
8824
739
2575
8198
6919
8334
8097
4412
1884
3948
3091
2335
5273
614
6470
4946
6293
2937
7309
4494
5073
2382
8470
6501
9621
9183
3140
9180
3773
6463
1127
404
1418
3349
3256
1639
8239
3418
7576
6377
6711
1571
5226
1028
1890
3519
1079
3946
9592
9
5614
8798
7475
1301
2331
9029
2152
6429
8402
7437
6797
2516
2297
1801
2117
312
9679
9438
2302
6367
7339
5321
7696
8055
6596
8224
815
5973
4674
3930
7478
9200
8447
1807
2320
718
1010
9301
1702
4868
2469
9732
7166
9066
4237
4380
9447
6688
8469
5288
354
4711
4083
4486
3205
5912
8437
4571
6604
1822
2171
5099
409
9433
4097
864
971
8948
4274
8287
4082
53
7402
457
1841
8278
5253
2198
9314
8857
3686
7747
715
8609
4696
3566
7961
2712
4198
1820
8069
3659
2979
5701
7142
5471
13
9966
272
4581
2252
4065
7883
1779
7559
3434
9339
3017
8273
1699
3578
2005
6915
8361
7860
3653
4817
3440
3506
4621
7365
6346
114
1731
6402
4707
8520
9329
8537
9666
1099
2988
2307
3400
570
7658
3372
8303
1673
6979
1816
8151
4933
2477
3314
6272
3606
7899
3444
2447
6204
5319
4379
2896
841
1177
9221
8853
7901
2528
7501
9084
2845
5473
429
9956
2461
2968
252
7525
5932
3105
8262
7222
7002
8769
2891
7224
2016
6244
5956
4164
6123
6997
9269
7564
2321
2004
1200
1477
8403
2041
3402
2136
3937
1979
8683
1289
6780
6015
5393
6927
6791
5084
2779
4717
3343
7271
6195
8958
6607
673
3779
4517
8076
328
6457
4750
4770
6834
4058
5282
7134
5768
9834
8066
637
2000
2914
243
5500
7322
6196
7325
2529
25
5715
4663
6868
8927
6852
6714
6616
8909
5053
1268
1643
7519
3259
3083
6939
1521
8751
8462
2391
9551
2497
6418
7092
1134
5422
5746
8744
8808
5305
9421
4586
3293
5233
4425
4470
4718
5723
8916
565
7357
3851
2809
2063
3726
2288
3766
4728
5609
3474
6796
5691
6121
6748
2670
2116
7885
246
4812
8627
2653
8538
8951
85
6860
7714
9626
4758
5848
6525
8187
224
4181
9470
6096
2649
6290
560
5389
8624
5830
477
9264
5859
2887
7137
2459
1212
9323
761
7587
898
9464
9983
7713
6271
6946
5416
6241
1046
2038
6845
