890
348
239
425
1
820
816
1837
1414
682
1897
392
401
896
68
1350
1853
1500
304
29
1445
1161
219
1589
828
1346
1598
1963
1638
284
919
246
606
588
492
342
826
667
1002
1506
1743
143
764
1479
109
1061
1117
939
1379
4
1683
1626
271
1457
415
353
760
1338
444
1554
1979
997
1866
1131
1365
1701
1527
99
1610
1770
1305
1863
1454
1114
501
1231
1099
1841
1690
343
1855
819
996
1146
1576
1850
800
1835
849
46
1455
1496
581
91
528
1087
1494
135
248
1134
204
1827
1119
1263
1115
27
1709
716
1192
1723
654
1039
1301
372
1810
429
141
57
124
1319
1702
454
1011
1559
707
1847
1513
1135
1034
1326
1848
313
479
1341
1663
647
1375
182
1170
755
1268
210
613
619
198
865
717
89
935
672
1437
806
341
1106
746
116
1487
1773
1641
288
941
1294
519
491
263
1964
202
34
88
371
45
1965
526
1067
282
214
1427
977
666
568
1133
1784
84
853
389
1680
462
612
1865
1267
880
1765
482
914
696
1145
593
1352
1514
1805
884
1181
63
1307
984
772
1845
1269
449
1257
1353
1003
1646
62
1688
237
1213
1382
157
475
959
1608
187
949
906
1682
946
306
724
1314
1511
916
1220
1362
1957
1673
351
499
446
814
493
1846
418
1822
442
1041
1943
279
748
830
1163
120
1371
518
1870
1060
1484
608
1159
280
1974
1368
79
386
1649
1754
1792
1275
900
774
1211
1590
1830
1612
104
1059
822
873
1582
1975
291
322
1062
1854
1467
352
668
728
577
1398
1981
704
1744
680
183
1316
252
767
1203
311
572
726
41
374
474
1785
961
1103
1303
1214
215
1378
683
1027
1611
1065
1910
1550
888
678
58
753
1918
132
1867
1411
1015
269
471
507
1650
1501
1570
303
1953
289
197
583
1959
929
1606
1347
307
309
689
955
1677
600
1311
223
1667
318
435
879
294
17
936
1052
331
776
930
1425
1775
1194
1208
757
1751
1057
1787
151
1462
1470
1483
1063
1584
1614
1914
1010
881
1930
59
894
1960
1337
1292
570
236
1234
1586
1539
1668
447
1156
763
1302
1176
561
298
1678
1583
1712
1090
20
1387
1100
1833
808
1737
510
1605
734
1155
402
1902
1729
1636
1798
1157
706
344
877
1005
1461
1800
942
787
944
1299
685
283
1383
1724
970
1206
1939
1449
1706
571
92
82
566
1031
168
1297
1129
551
226
1028
70
1070
1956
1154
754
1779
1503
1655
1885
807
438
966
207
240
1218
1260
105
628
646
747
650
1536
1363
657
1760
1026
494
795
1769
841
1046
78
979
1692
541
529
892
1224
110
1281
601
209
1613
1086
1108
310
1720
1325
1629
31
1291
1921
1768
1947
553
1504
1561
1424
1412
688
1624
1240
1911
1615
145
139
453
1547
1755
1149
1014
1018
443
1718
1645
610
276
1261
705
1179
1360
398
1136
1560
1017
1466
771
937
854
629
557
505
1184
1793
575
1075
1151
1983
1992
989
974
1575
1351
154
671
1201
1813
1546
316
411
1396
1898
965
1502
1358
1254
1144
1658
177
758
1569
321
1840
117
712
330
1271
503
410
759
611
673
586
326
902
926
1695
1802
6
1410
910
904
1878
868
404
1707
1030
1786
522
206
21
508
1946
940
1128
278
1364
305
1817
1703
898
1825
1652
67
1441
573
1859
1444
317
715
1747
1594
484
1193
74
167
983
463
1571
232
1013
1684
714
1327
818
300
1102
769
1460
663
538
150
488
1122
1696
254
1579
1660
173
1408
1781
339
1262
515
456
605
1642
846
1256
356
1091
638
1430
1212
545
1816
885
931
709
1252
500
1140
889
432
334
952
315
1210
14
1735
1448
1138
860
1811
594
1872
739
872
155
1625
250
1056
703
1432
1883
947
562
782
101
699
1391
1285
1182
1280
1123
1153
1814
1807
925
1141
358
863
1025
195
264
1000
1578
621
480
1908
1726
24
1540
918
560
1164
1515
950
1304
525
1999
1023
845
533
221
1110
1961
532
1273
1934
1976
1120
119
1940
1797
509
521
93
1478
277
1447
1662
967
1654
1968
815
1909
1694
227
711
1705
1288
1628
367
783
1556
648
1097
1438
1195
1535
1112
2
824
1742
1499
350
799
1189
329
387
1308
1788
1789
1355
1715
856
1877
886
1051
464
1941
661
1331
1525
111
1380
1066
265
887
222
297
1491
567
1574
87
459
472
1464
1950
1681
761
378
1167
779
1537
697
383
1717
1823
833
804
1573
224
652
1406
1595
131
249
1541
927
1118
1236
346
106
1226
1047
243
1377
1958
256
485
1986
178
1892
957
862
319
1207
3
52
964
399
33
991
1988
1519
842
1972
1621
1278
1815
347
1169
655
1078
1148
437
1016
440
333
1160
1984
1053
380
1024
908
253
201
1215
1675
1388
1187
1069
229
1993
476
1265
895
1434
233
876
1858
642
1369
827
1429
998
1395
810
599
439
861
185
1139
1372
1982
1092
1714
1147
1180
1446
1531
97
625
1361
1486
691
576
129
1152
972
1538
1937
75
357
1058
1836
498
1562
426
272
1644
1895
598
1113
1431
205
211
1463
1530
1289
172
1592
1700
1936
1676
65
1622
112
23
569
12
1935
148
1749
1174
837
793
10
1917
744
413
559
36
190
1428
7
468
266
634
988
1640
1764
975
825
762
722
1532
789
798
1808
366
1568
1072
448
1130
1249
427
407
1597
1944
1165
653
788
511
258
897
1962
523
785
220
295
1763
725
637
1471
1021
870
72
1124
1772
433
144
1533
1704
40
643
1177
64
530
752
1068
803
1094
377
393
81
1421
1283
1045
159
244
924
1043
130
1783
1894
1315
730
809
1050
1188
883
640
1761
620
781
1873
585
1105
1620
1266
1339
255
423
49
1217
1400
923
1722
899
1191
76
1776
1332
1345
948
1587
1255
1109
1329
698
292
945
203
768
242
1401
1868
1237
687
969
1767
455
98
1197
126
408
832
1915
1780
1693
1393
1871
1049
285
649
1451
1209
1322
94
938
1602
1417
1552
1725
1656
1926
686
1518
1055
719
1054
1927
1516
1643
483
558
1333
414
1121
893
743
161
1623
812
662
958
1543
327
1771
497
403
314
1782
216
1906
674
1831
1219
103
490
543
208
1374
18
323
1359
1842
1006
301
749
1691
1890
777
1083
431
1423
732
416
1634
360
1241
878
391
5
1685
1239
1812
136
1659
1844
1907
1274
546
986
1653
1759
340
50
1230
370
681
30
1186
230
1328
1945
971
1922
1585
1732
1891
591
384
633
791
520
1665
506
1089
1384
548
345
1689
1435
1419
1534
1604
430
15
247
751
1669
1439
192
1459
584
1019
1601
1796
1247
1403
502
1080
985
1357
1022
607
1545
1405
1320
602
1996
193
1719
1886
624
1492
1881
718
679
1942
1757
1296
1804
199
231
1882
238
160
702
1033
66
56
627
659
1989
1392
905
665
733
1287
158
641
603
1713
1178
361
417
1008
1238
1721
1931
928
976
992
639
710
156
1951
1524
51
549
1686
19
140
1564
1674
1426
1648
368
656
234
1171
1127
286
1794
325
1509
1390
213
839
1373
932
797
1126
780
441
26
1616
166
382
1888
632
1875
114
1276
1635
1593
1818
850
504
765
362
1521
16
1526
1235
1748
469
1687
1661
171
778
1150
451
1251
445
920
1758
1242
1849
1637
721
123
811
1806
1542
835
115
1473
1928
866
1310
1205
669
1672
1088
1896
786
335
1202
1955
1920
864
1436
1452
128
287
1938
196
388
1544
1394
843
1913
180
801
147
539
1381
80
614
695
1399
1476
670
1756
1876
1085
165
1657
943
622
1746
354
1639
1199
1321
1777
1510
1880
1376
1306
792
1745
1716
359
1228
1404
951
452
933
993
740
1577
1774
39
1809
257
1973
1766
922
369
400
73
838
1038
100
420
990
1293
1073
460
290
1711
22
328
35
535
1095
1978
563
1253
1994
1966
1290
1340
153
1317
461
175
913
364
1517
1778
1967
1563
595
1670
1450
582
980
1632
467
596
660
1074
1505
487
616
741
917
556
1474
636
694
1162
1617
1791
1633
1860
1553
1522
531
259
191
1354
1367
617
901
1243
773
1588
1977
225
302
1116
766
170
1416
852
784
1618
524
1952
1334
228
268
1990
592
1440
1036
2000
188
981
363
1839
1520
424
690
1264
1190
108
834
1482
1312
181
1572
676
651
909
1413
859
1887
396
1233
1324
1795
28
1565
32
693
1272
1925
409
1596
1739
174
1295
1229
1456
428
320
1081
1631
1101
324
1173
162
790
1619
513
1862
1495
486
134
1200
496
713
1987
1558
1029
1142
457
1481
164
127
664
1442
1477
1349
1824
218
1555
412
851
677
53
146
38
1801
848
597
823
1834
962
1111
1458
61
43
332
355
296
1348
968
349
1001
1762
1222
1666
956
994
580
1044
1708
1168
1523
48
1433
1738
1985
217
212
1971
973
1929
1472
422
775
615
1901
47
1079
829
1356
1048
152
536
245
299
723
1997
118
1600
1245
44
1998
122
995
750
1753
1279
125
875
1923
565
71
86
1415
1443
275
1864
381
1284
609
1037
708
163
394
579
626
631
737
1490
142
1980
855
1277
260
1995
1282
1198
1580
176
1549
547
194
186
720
137
874
735
618
1548
911
96
434
308
458
1949
745
1313
95
1727
590
1851
107
90
1093
871
1223
1258
235
1183
1884
1468
42
13
1697
921
796
1512
1970
133
1012
102
1216
450
1664
1741
1581
658
644
963
1603
836
1071
1409
1196
1790
1903
489
978
1916
1710
869
1829
1300
1752
1843
1330
840
1397
1402
516
8
1032
1009
1912
1335
1259
1869
1270
742
1366
1647
1904
1475
934
1422
421
395
1469
675
1528
604
1248
1042
37
1832
1740
1861
645
1453
60
953
578
1919
1566
1488
1407
540
1343
200
274
891
1246
1480
267
555
831
1889
692
1821
1137
1630
397
179
1591
564
1125
1900
1879
138
684
473
478
1933
1104
1221
465
794
1485
1731
77
960
1819
542
373
1225
337
844
1905
1493
514
1750
1175
867
1204
1004
1227
1132
700
1699
470
477
512
1874
1077
1064
385
1698
847
270
1820
817
1607
1948
1143
1679
55
954
1529
999
365
729
1991
251
857
1856
149
630
1244
1185
903
1035
495
1924
1084
554
858
405
802
1551
25
736
1857
915
273
1336
281
756
1498
1418
1040
882
805
1799
1166
1076
85
1838
537
1007
1507
1020
1803
907
1098
1557
1733
1344
113
1323
1508
1627
552
701
481
121
635
987
436
1298
1172
241
11
1082
1232
1954
184
262
544
731
375
54
189
1899
390
1671
376
1489
813
1107
1609
1318
336
338
1969
1651
1828
1599
293
912
312
83
1852
1096
1420
623
589
517
1286
466
419
1465
1386
261
1250
69
1370
534
1826
1730
1736
379
587
169
1734
574
550
9
1342
821
1893
738
1158
1389
1497
1309
527
1932
982
406
1567
1728
1385
770
727
