122
212
490
377
260
296
437
381
270
424
327
224
407
209
221
50
89
101
113
253
460
202
238
2
250
320
261
166
52
10
236
285
118
352
332
109
299
127
390
488
210
497
405
177
51
63
292
159
70
346
192
413
13
322
361
344
357
324
284
481
120
226
15
139
353
16
363
278
115
80
429
467
43
435
449
356
456
234
204
382
321
242
441
473
88
398
339
169
450
433
44
136
7
301
140
329
376
67
373
360
306
396
412
46
251
3
414
358
205
76
367
422
145
27
94
397
183
483
171
179
82
58
369
311
37
459
241
69
195
237
128
123
257
165
297
345
93
1
425
401
174
153
182
391
71
28
402
420
252
99
191
355
365
341
474
232
452
203
176
59
293
434
409
6
430
315
190
387
427
160
417
148
379
269
129
436
479
426
48
451
342
102
220
133
245
432
98
408
472
246
243
197
370
85
12
14
39
319
96
34
110
482
131
491
477
90
78
323
189
337
334
186
152
351
161
164
496
155
26
466
23
31
72
143
196
55
239
19
485
65
281
170
25
97
158
385
42
289
62
406
268
20
30
326
74
468
374
336
462
47
492
484
256
199
318
465
105
263
354
137
325
36
95
276
421
364
40
258
35
316
463
275
103
79
314
116
470
264
380
163
180
57
141
273
147
331
24
443
249
247
229
495
154
359
149
231
330
274
500
73
486
259
438
277
185
108
187
310
135
348
91
461
244
227
223
86
100
475
309
394
175
372
4
444
156
328
181
410
217
266
305
478
126
211
5
167
61
416
343
389
262
21
106
193
208
125
121
218
487
201
304
219
368
423
290
280
335
173
87
291
499
142
138
60
333
375
446
371
415
302
338
9
111
453
215
362
29
235
439
476
267
81
255
233
411
33
107
403
455
471
157
395
66
307
184
75
454
404
399
172
83
308
428
134
445
288
32
114
188
213
207
282
18
117
214
222
458
194
347
265
130
464
419
388
286
240
146
300
480
41
225
104
119
77
493
431
294
132
469
440
178
200
56
144
38
279
340
283
298
11
448
384
393
447
295
498
254
124
84
248
313
228
8
216
386
400
53
112
312
494
418
378
230
17
54
150
198
206
366
68
489
272
392
168
350
151
22
64
287
271
303
45
162
457
383
49
349
317
92
442