2196
2444
1155
1863
3971
1205
1709
4755
4661
579
3048
2792
3667
395
2462
152
4486
4932
349
2562
4226
1829
3441
446
2552
2831
1862
3643
3099
3765
4982
2637
995
4562
2901
2653
1796
1621
9
4072
436
3903
4311
3412
4402
4836
4297
4090
4439
2593
2088
3082
892
354
279
1156
4753
3231
4326
810
3840
4889
1044
826
4219
3579
461
2270
1457
4350
2778
842
2105
1928
2121
272
247
4653
2732
4404
300
909
2
2045
2240
2530
4001
979
3346
4849
2743
3705
45
3203
4941
2887
1978
3418
2861
4946
3659
4280
1060
3748
1031
407
3832
792
3337
4052
1501
4459
4748
2150
2796
1332
2944
2257
2600
3999
3778
3429
1432
2250
576
4995
3630
3567
525
636
1184
677
3614
4747
1898
1392
2180
1533
2771
2055
3875
3866
4111
177
1468
3478
3423
1947
1282
1133
2519
3979
478
53
954
4456
4153
4317
3202
2597
2908
153
4444
2764
4527
2535
3634
3489
277
1028
4903
404
2195
4428
4862
2341
1267
2086
2390
838
4531
953
4583
3054
4307
3487
614
2959
1355
4482
3660
3917
1189
2667
2102
1714
1866
70
4025
3602
453
4016
2957
698
4377
2596
3295
2705
885
3313
1002
1161
3259
1561
3278
438
3675
1946
4048
3641
3432
343
3459
925
3092
2445
3047
2297
3045
172
1412
4211
3754
4356
3334
1170
2321
2175
613
3243
2820
3806
1451
1222
2063
2954
3269
3382
3236
1948
3024
1679
4595
2674
4162
1303
981
561
4675
3241
1987
2002
4284
591
2973
4235
1218
2438
3695
1608
2319
1193
4431
3394
281
1100
3349
3713
4084
3876
2542
4540
59
3359
1957
1596
2899
1625
4810
4897
924
3939
1463
1240
2142
509
2136
2495
4640
1307
3286
3902
3454
1921
2291
4290
1383
1826
560
4474
4678
4893
3486
891
4949
784
1213
3425
4063
584
598
4546
2992
2565
4683
1841
3395
3187
4957
365
3826
191
3104
3878
312
1511
1058
1805
2432
886
3978
2516
46
4569
3749
4701
2748
1975
2991
2398
2468
2730
4914
734
647
595
3698
1509
2629
4568
3015
288
1157
1924
375
4916
3581
4181
1687
3777
1776
2451
3812
2632
2258
1632
4062
1181
3882
2189
1517
477
2657
1284
3127
4632
2085
4692
2714
3109
1351
3704
3786
1125
717
3711
1089
4436
2061
915
3727
962
4133
2783
134
2362
1700
1122
2642
246
2474
3445
1169
1101
1823
2881
2848
501
1139
3640
3759
3651
1960
737
2016
1158
2220
1953
2913
3906
3537
1500
901
3437
578
1814
2264
2758
2183
4193
2287
2602
330
1513
3636
2200
2188
3823
2072
2281
2994
4195
1721
1617
4301
3833
1949
1674
1077
1850
2329
369
443
880
2936
2905
3731
2688
4159
3085
2712
33
3610
3824
3254
754
12
1387
2067
160
4104
432
515
294
378
2911
4895
1598
4551
1071
1671
514
3200
3214
3810
1981
3000
1443
118
21
860
2203
1653
4586
2797
881
4313
4403
4704
2282
420
4209
3642
2093
385
4615
1314
41
1879
4561
3050
4372
4573
1021
1104
2601
1297
4253
3972
1833
4340
1016
3186
14
1489
1600
650
2237
3693
696
4967
550
2853
3864
3539
573
3769
1362
1360
4591
2869
1055
817
2242
4167
851
4524
3088
1590
239
4138
4797
2871
238
380
788
3398
105
2243
1740
4069
1527
1201
2851
2880
877
2522
3783
3860
3574
49
1073
413
266
843
2156
58
233
1982
154
3315
2450
94
3212
841
2441
1603
603
4341
4088
575
3139
619
1328
2235
2294
4581
3702
2371
197
3341
3708
4603
4220
40
3583
1065
1414
4346
4314
4652
4331
3159
2076
1856
2543
93
208
195
3427
4793
4006
2912
3451
2692
3371
3462
232
3714
3837
3055
2101
1607
4371
1359
3703
2244
3596
372
3547
3890
289
2266
2786
3575
1378
3676
1903
1063
1416
317
3035
1540
1491
1460
4708
2868
273
1837
162
2889
3952
2939
2577
1398
2922
415
1807
4796
3544
752
2376
2575
100
338
3609
4502
4198
3076
4492
5
2745
3605
1411
2974
2327
1487
4714
1532
1019
3881
828
1208
18
4730
3160
3416
1283
1936
4023
1400
4446
3572
3177
519
389
409
2857
3131
3387
4322
3728
492
1144
1458
3101
2967
2534
2677
908
2742
4175
2696
3407
3028
3296
4085
2740
3535
2178
1571
2108
2833
2676
1405
1394
3207
3447
3588
1029
1483
228
4117
2421
1126
3513
1232
358
4854
3281
2854
1799
2836
973
2296
689
3121
384
848
4679
512
994
3787
3419
1703
2148
1380
1488
4487
3060
4511
3498
1877
3996
245
1869
1059
2856
4145
3007
4308
184
4637
196
2756
4166
947
628
434
1715
1348
2447
3320
215
811
2312
957
4481
4427
777
3006
475
3133
452
2616
2972
1562
1989
1851
54
3046
3119
1979
2720
556
3953
1963
4674
3956
4156
264
2336
1988
2433
4024
818
4740
3248
703
3707
3709
4344
1673
4951
3421
2639
144
929
2843
4379
227
3206
141
3988
3238
570
1032
657
3144
224
1223
943
2634
3520
4512
2157
3005
1147
2545
3886
2204
1118
547
716
4985
889
3040
4457
2473
1520
746
4179
31
2449
2808
295
3874
3859
4281
3003
1087
2231
4639
4580
2739
235
4199
2097
1254
4101
3533
3820
4182
975
1558
4576
4291
1689
4754
3218
585
2650
2500
1138
794
4522
1918
3299
3524
1663
2835
1105
3717
110
2860
2787
2695
3297
4858
4899
4055
4770
4687
1630
539
1707
3617
3735
4230
1438
4099
855
1404
4956
2938
1660
823
1247
2556
1656
678
1853
876
762
4332
830
225
2663
1766
2571
2617
4697
574
513
2587
1661
2375
3390
4106
494
2122
3065
1127
2285
1945
2247
251
4842
3963
4635
1166
1279
1787
4528
4388
142
3789
3573
4468
2919
4416
839
2863
1627
1047
1685
2872
1692
4648
4988
158
3910
946
391
956
2585
2356
1755
3443
2561
458
4227
4289
10
1183
3699
3329
4287
3623
4212
1274
2117
3782
307
567
1013
685
1535
3191
4396
3319
3968
3722
4547
37
4191
2996
2345
109
1476
3042
1512
3245
955
4987
3456
3468
4926
871
4618
1905
4378
3357
2610
1591
2798
2071
2346
4426
3029
2700
2215
2512
4113
3428
3196
1124
130
1040
1294
2707
1610
3157
4028
2262
4257
2460
3601
551
1437
2031
20
2725
3770
2116
39
2276
122
1933
1198
2448
4611
796
3274
3484
1250
44
1542
4061
269
1236
3183
1188
4038
3724
3227
1217
3365
73
4549
3369
2429
1226
3328
2224
1916
491
626
893
2358
2478
571
3701
732
1319
2184
115
1363
19
701
1623
1486
3483
786
408
761
2586
3420
3801
1920
959
3195
1553
1743
3768
4921
4788
3064
4163
1984
4712
4900
3880
4498
1093
2367
2295
2735
4630
1697
755
287
123
2643
3548
69
1109
1551
2975
2812
1066
1763
1298
3105
2679
1165
1358
715
2493
3457
966
1246
2794
3400
1209
4128
3990
3633
2313
4075
4272
996
1506
3842
1538
2069
4873
4105
873
4830
553
4338
151
4823
4904
896
667
4863
4152
2268
1526
2210
4286
2090
2118
4541
1095
4214
1402
911
972
2594
1830
1080
2806
1102
2077
1934
2755
2517
3205
3325
782
2563
4452
2306
1817
182
836
3672
4224
3945
4114
1025
163
976
3190
2403
4505
3134
4601
1668
679
982
2782
1498
1300
2208
648
2822
1567
3358
1642
2559
4387
4142
1758
720
2589
2168
1107
1927
4657
699
2819
4634
2747
2769
1569
1273
1045
314
1004
187
4285
1317
2969
304
2501
4925
479
4136
1137
3258
582
1723
4030
1000
4170
2717
3485
670
3255
466
1168
4536
4252
78
653
2038
1939
1113
1422
249
3123
2544
1043
3376
3340
2799
1338
1582
3508
2411
1613
1736
4813
3507
2062
4043
888
4380
3030
1992
668
1507
867
3674
1027
1738
3431
3303
1647
1578
1889
1973
3317
1173
1860
3405
3635
4880
373
1251
2816
1813
3737
3482
3684
4631
2722
4705
4360
3502
3647
2920
3751
1215
2357
2651
2043
1334
984
3726
3290
3905
562
133
2862
2804
3516
4210
753
3995
2325
24
3272
3363
2365
3036
3682
806
3685
2961
882
1952
1478
4389
482
64
2541
905
2785
3889
339
2280
1838
2510
730
4494
780
2774
2158
3120
1662
1521
1643
2533
2364
1802
345
4650
832
4908
2278
4204
1744
3175
4124
4229
4883
2849
4958
2322
4423
429
4855
4118
1014
4887
2649
3430
4143
825
533
4098
1182
3239
2923
1764
3725
1530
1769
3855
2777
4033
2222
1907
2052
3059
639
1550
4483
3401
206
370
348
932
1452
3752
3433
3861
2457
1739
4746
3409
4738
1472
203
4119
3987
1410
1199
630
3096
4960
4651
3271
121
2248
2053
4004
3792
2392
2185
2151
2584
2523
2290
2716
1917
3835
2054
4441
2252
4885
4642
1541
3122
185
1633
3831
4011
3989
641
209
1754
3402
2070
623
136
2064
1171
2818
723
4279
1951
4819
3073
4137
4935
990
32
733
1657
798
1203
4161
2990
4622
2604
4950
2385
2790
2130
764
463
1202
1052
654
4534
4911
4764
486
4915
3300
3681
3912
3850
1742
2001
617
1454
1971
451
4186
4263
1636
2952
1375
4266
4773
1531
765
2615
2039
3760
2964
643
4970
1030
4769
4080
1565
3327
2765
2144
1983
234
2840
4100
4593
89
3381
1299
3249
1367
1539
3213
964
4140
1587
4027
4699
4879
4596
3252
646
3250
4473
2167
783
2017
2579
1774
1128
1648
1037
180
4742
1711
1699
3113
106
4907
3819
379
220
907
1142
3606
1895
2198
673
3884
3261
1886
3506
1847
226
1057
193
2997
1200
1570
3740
344
2251
1461
608
4225
4008
1436
1669
4588
1333
4429
1281
4906
2898
376
4409
504
1257
1072
3540
1308
4722
104
2658
77
694
4867
3948
2811
3624
2412
4418
1997
285
4785
3594
1385
4771
2480
4125
3008
1207
1408
2670
4613
3862
170
2762
1583
1172
4110
4318
1469
774
1778
4608
3839
4723
4617
411
2607
1667
165
2089
2960
1482
3173
4277
1865
3142
529
1320
1619
4368
3615
412
1239
1471
3220
4645
166
1803
2333
1140
4469
1228
467
2949
1548
1845
4358
4419
4840
3817
1993
2331
1216
4484
1592
4129
4564
4406
3612
3720
3284
1737
744
4757
2307
1176
1867
2104
4620
169
4275
3216
1326
1589
326
1944
1325
526
2386
4465
3146
2283
1152
691
2847
457
3279
590
4451
1545
364
769
2040
1996
2618
3700
1344
2301
2613
4928
1048
433
4485
713
3620
3976
4525
2277
135
1749
3941
2555
1480
2254
564
2332
531
3825
4169
4902
496
2553
3260
1665
1056
2888
3863
2837
4523
3023
3723
2892
2453
4005
4968
4587
4846
4126
2154
2129
3132
914
1010
3967
1568
4503
3100
441
502
50
4621
1835
3322
887
4013
4216
1369
4081
1430
4736
612
1253
3342
941
2479
2895
3246
542
510
3686
3846
2164
4108
4520
498
4776
2172
958
2719
1602
3756
4461
4535
4739
3360
693
945
2255
3526
2633
3755
62
2548
1419
495
4702
4882
2554
913
4927
80
4750
868
363
149
2928
1146
1374
2226
2023
282
230
1151
1075
3784
351
4031
4300
1277
1888
1456
3172
2699
797
660
1315
2388
3736
546
3558
311
292
2340
2041
724
1959
1525
4920
3761
4335
2661
729
642
3389
3116
1780
2766
4330
3790
1930
4385
1079
4445
2793
425
804
3179
4607
4559
74
4490
4789
1346
4009
1741
790
718
1324
280
3392
2965
1718
1792
1012
728
635
1566
3639
3510
2169
2127
4151
199
4411
3270
92
4433
2737
927
293
4872
971
1103
2334
1243
1508
1114
2218
1078
987
1940
1192
4462
675
4820
4017
521
961
2985
3415
731
217
2978
3497
3199
768
711
2852
4656
4496
4355
4795
87
1614
686
3022
1564
1695
4533
4374
71
4343
3453
2424
2606
4538
3114
2056
2206
847
2120
2752
2229
2532
2223
2311
700
4261
1682
2098
865
3083
1861
1020
248
474
3235
1691
563
471
1816
1415
236
3949
1403
1339
2897
1435
1655
3031
665
4784
2654
3663
1644
2646
66
47
3211
1167
4440
3125
2916
2503
476
4931
2011
894
3845
4539
3689
1519
3503
3638
3534
1624
2199
2125
3330
3474
742
597
3964
2428
2684
4270
1777
4922
401
4420
4044
758
1425
437
1268
690
243
3124
898
1347
55
444
1601
2576
2361
4269
4859
2464
473
2727
2620
2941
3154
4215
2095
1932
188
3965
4732
4689
545
1724
3070
2339
2374
4213
161
2526
4969
2846
4861
2886
1340
1822
52
2149
2065
4189
2315
481
4200
3435
2437
219
150
1788
146
4065
2738
1445
2348
3538
1958
2491
1710
2487
2830
2318
824
4293
2326
2050
4296
3767
4901
2885
3514
900
25
61
4625
383
3434
4398
702
1242
4050
1420
4589
4303
1824
3331
2046
1466
299
948
986
1518
360
143
2202
2805
1163
2014
426
4529
1827
1086
2746
3511
4067
2588
3033
1293
4939
4347
2391
1262
1986
1650
3719
999
4812
949
3081
1017
2685
4526
2304
4577
2165
132
4405
56
3287
1212
938
4809
1231
4395
1779
3679
857
3164
2664
4989
480
799
815
359
3153
3354
2427
2181
4735
3986
3923
3171
4282
3779
1746
2788
920
3087
3911
4845
368
1970
3444
4725
1227
3858
4228
2915
4733
683
1132
3973
88
1379
1819
1085
4040
3899
709
3215
4349
387
2627
1874
1269
2213
3221
4684
2413
3302
2918
4749
2814
3815
4127
3733
4554
48
4334
3943
3921
1974
3836
2572
2355
1726
205
3150
1272
1185
214
4507
549
3650
4803
4671
2409
4641
3811
4668
1194
3194
1676
366
3108
3184
2640
960
2293
1115
3688
4015
622
356
2337
3129
1864
1725
1576
2710
4265
3847
1801
2612
3090
4267
3666
1701
3530
4582
3925
2338
970
103
4221
4342
511
3001
620
1859
3057
1809
4336
3294
3653
131
965
3169
2440
3993
3522
1406
4237
2399
3089
4530
2609
2436
4890
213
771
1900
3950
4669
445
1026
1270
840
428
1914
4923
1470
992
2015
382
2256
4353
4495
1516
1381
1706
4
3907
4247
4981
508
3648
483
1672
168
1998
148
2937
2813
1244
1943
455
472
2084
449
4731
2934
2713
3900
1245
3500
3118
2827
760
655
2166
2292
3232
3455
1051
4709
4222
2715
1599
4060
3619
2193
3879
3174
3137
4165
2568
1575
544
3112
644
850
3373
846
1820
1572
1112
4401
616
4786
2497
392
4571
22
3162
75
202
1
210
2623
3309
3654
2859
4700
2986
4768
4348
3649
3066
1831
442
4844
1536
2958
528
3909
923
3521
874
2442
3062
3894
325
3233
4566
3677
4079
4627
3931
2832
3293
1174
4147
1605
1481
1825
3775
3958
3626
4698
4192
204
464
1493
4070
749
2824
3467
34
3366
1429
1289
3797
3543
3094
3771
4829
2000
4745
933
2009
4972
2443
1357
4975
2502
173
2573
3496
2131
2741
2680
530
2795
3554
621
2034
2379
1162
3002
1747
4909
156
4857
4394
4814
3479
4218
3729
3318
298
4792
2855
861
985
4041
1042
2360
2416
1313
632
1751
128
688
181
2546
1450
1038
3970
367
4947
566
1844
4896
140
331
1849
3027
4728
3565
2656
4806
4741
2925
856
3399
3019
2772
3566
2302
4658
3481
710
4096
4800
991
2170
361
2274
676
1846
4319
147
535
3305
4959
2704
3582
1295
1534
145
284
393
1376
3898
1523
2893
4865
3364
2134
2314
4609
4188
4516
1160
3361
2829
4913
2253
462
3012
1635
487
3791
4178
2324
271
1067
1938
1428
3350
2933
951
2246
3176
259
4187
2945
4074
4752
596
4805
2402
3403
362
334
2066
3267
1515
4014
4203
1645
4020
4841
3891
651
4443
671
977
2580
4614
2047
801
3501
2802
3940
500
138
116
4686
695
586
4325
3107
4660
3947
3460
2140
862
554
3527
2574
3587
802
1034
2896
3224
1039
919
2666
4881
2152
3355
1753
2929
2644
2191
1427
1447
2143
3016
3185
610
2708
1771
4238
4435
1670
950
3491
3854
274
1871
3308
1441
137
4135
353
4715
2219
4375
4250
2423
624
3745
2037
1391
286
2012
3283
1514
637
4149
2951
4663
3147
4936
2335
3264
1224
1431
3
2126
4991
4905
2850
3655
795
1276
2891
3807
4089
2626
3946
333
1931
1977
4870
4919
776
4629
3140
448
772
3997
2461
91
2389
2284
159
4134
3336
4077
4703
1909
589
4681
4940
1301
2103
1316
4333
1640
1444
4563
2006
2498
454
2483
2115
1390
1731
3563
125
1323
503
3853
267
1068
4058
4139
4239
2706
2182
4472
592
4633
3490
3075
1395
1925
2033
3256
371
3312
4691
2921
3310
421
2269
1022
124
3888
4918
488
3280
4594
680
4544
4370
3851
2665
3375
4076
930
2350
3616
2214
4787
558
1980
1252
3744
939
13
3762
2605
4365
1018
1119
1150
872
1620
2029
997
3025
3525
4532
1179
1544
4504
952
2378
4362
978
4518
4422
4256
2406
3339
3613
342
485
4383
4737
4612
998
3509
1296
2308
2718
1693
200
2499
447
1976
3222
3813
2469
3809
4305
2801
4578
3244
2330
4361
2675
4064
3181
275
4654
3072
1465
350
469
2145
1229
3644
4590
1053
3798
1965
1698
2494
3750
254
1901
1007
1894
1832
3229
2147
3067
2998
4510
3908
4676
4537
2599
1991
2595
3217
555
2092
2878
967
917
897
2114
3266
4514
120
4693
229
1120
1775
60
4259
1424
4381
1220
2022
3273
2513
3091
4852
2709
3764
2466
931
4924
4121
875
1204
3959
2370
1485
3333
4412
4010
2910
916
3014
4980
3893
3141
659
845
1187
922
1641
4466
1652
4999
3155
3466
1035
423
2608
3018
321
398
588
3111
4018
2431
4761
697
3867
4777
2490
2383
3591
4458
4850
3192
4910
520
3975
2619
1446
4717
3038
3450
4871
2397
3586
129
1350
1354
903
3883
400
3472
3078
1372
1129
72
2153
4196
2373
1836
4875
1781
1097
4933
3734
2883
1616
4000
3696
1870
320
3694
3576
4781
4721
1727
2558
1615
4376
2107
2926
1322
2217
1440
3981
1585
2560
4943
3828
2463
4848
1626
11
2622
1902
1549
430
2058
3827
3741
736
2564
1658
4304
2773
1309
1913
4450
750
3285
3282
2027
1767
190
4141
1011
302
2890
2288
2163
2591
4171
674
231
4513
1873
3151
3051
3152
4148
2518
3892
785
4898
4245
242
2803
779
741
739
3557
2407
4260
4961
1302
4877
237
2750
3645
2486
2042
3592
1135
1459
3848
3816
2138
2426
305
627
1800
65
4827
4643
2567
1651
4057
727
522
1259
2547
3163
866
2536
2489
2842
1091
4807
738
4246
1164
4542
2624
4955
1880
1892
3664
4912
517
4407
3631
3788
3032
4626
1388
4853
2109
4283
2106
1522
663
2496
4599
1834
4329
1968
1081
759
3504
3385
3603
4790
3818
3469
2647
4202
2784
2660
1117
2549
1537
3495
1815
2271
1417
2197
3348
1735
2635
3079
2682
1594
1312
4990
2761
1409
2310
2686
3492
4366
2013
1966
3870
649
2186
2366
3977
2005
4804
2309
3918
310
111
347
3374
1761
4992
1798
3897
2179
2988
3393
3178
2139
1046
3529
3145
4493
3564
2673
2124
3041
3578
2731
3449
2414
631
2614
3463
1994
4464
38
4392
4476
4384
3517
4942
4833
1510
1818
3589
176
2279
3257
568
3794
3063
3237
332
1639
829
3656
4397
4103
4682
3944
4979
1956
1524
3148
4299
4302
2828
4783
2701
3930
4934
417
1891
3223
572
3555
672
3678
3673
4825
3608
3095
4102
963
3102
3738
2128
2987
2028
883
3168
993
1352
4808
108
2087
4448
2481
2354
3304
1074
821
2320
2691
29
1477
1178
2540
3372
3494
3532
270
714
1449
1848
1595
306
1790
2638
3780
4158
189
1547
79
4886
1990
1249
4037
3552
1717
3763
1935
601
4176
1062
4146
4251
4045
1098
3599
1705
4894
1580
704
3170
2230
2935
1397
2418
4092
4223
4779
606
4888
1868
3577
4860
518
4605
3746
194
3058
4073
599
605
538
833
1955
2422
2690
43
2008
2273
2894
2537
192
1149
800
4154
4442
4264
4756
397
793
4298
2359
1336
3932
3955
2791
3857
4339
3189
541
7
1190
3143
3896
2303
2381
3865
4268
1265
3086
2980
805
2205
1467
1840
4056
1084
1502
4421
4822
2566
3069
1852
4616
1260
4345
2492
1008
4685
101
1196
3625
3822
4086
2817
4032
1371
4467
2488
221
3559
2697
1373
1762
3671
4619
1760
910
4499
3528
3838
85
1985
4276
858
936
4437
1696
4716
3629
4236
3130
2408
2036
3718
4036
1897
1972
1241
2018
4026
1318
3611
2759
3138
2809
4666
174
1475
1759
1495
4248
2074
557
4351
4673
3802
256
748
3080
1893
157
4719
1503
4782
1278
4713
2877
4604
2176
2839
3126
1804
912
3515
4508
2728
126
2698
4460
4707
2538
4834
527
2048
3551
3856
3440
57
2590
4116
1638
1364
3922
1789
1001
2010
4557
4585
1554
1811
1734
781
1560
4327
2582
402
3936
3627
4623
410
459
1345
341
212
1876
2524
2744
1462
974
2876
4180
1090
602
4306
2867
3344
3039
662
1094
17
3531
1878
418
3924
2111
2711
928
1407
4194
2581
2570
1096
167
1954
3942
745
2648
36
2963
262
35
4929
1292
1919
2317
4798
2515
4677
2434
290
1310
4391
3954
1088
1579
3560
1474
827
3289
4249
493
4662
2286
4155
4667
2763
484
2328
2476
4491
2173
1646
1690
3242
934
3938
4095
4659
3458
3383
1361
3053
2455
2289
497
1504
4864
3621
3774
1967
3128
2931
2211
2470
884
1855
3209
1675
1857
4323
937
1497
4837
1942
3604
682
1629
3712
2723
3561
722
3753
1752
534
4720
4434
633
2506
2955
2446
186
4233
4592
1143
3885
1904
2026
652
3301
1082
4244
3715
4672
198
3957
1654
1722
3690
2171
3871
918
1729
2703
3368
4424
1883
2079
2216
3406
4729
3546
3253
2592
3803
1123
4109
516
1704
4417
4763
2603
747
4150
4438
2631
3622
98
4310
4624
969
431
721
3773
255
4977
2966
3426
3396
179
1197
2821
1681
3414
4993
258
1926
97
4454
3288
2349
1581
3974
4984
706
3263
4122
1884
2146
2401
587
4517
4997
2369
3298
6
3562
396
773
1041
3793
2155
265
3345
983
4425
4874
2298
2351
2078
725
1720
2368
1797
4696
427
28
3379
4835
658
4570
2259
329
3362
4552
1331
16
540
250
3180
2659
296
4039
4294
4071
2299
2866
465
3234
506
791
2201
849
2096
319
322
609
1872
3493
2233
201
2082
2641
4002
2305
3766
2415
1023
3438
863
2410
1499
2241
3471
4012
1136
1285
2452
3662
3240
3607
2528
1288
2982
4184
3247
4328
4399
3292
1442
2465
1588
3772
1683
3049
4082
2655
1049
1772
3665
2873
2776
2471
3927
4775
1258
1291
1745
2261
707
3098
318
1923
1573
822
2159
2875
3998
4945
4480
1609
4173
1401
1906
340
1552
95
2950
3799
4453
114
684
3795
3580
3743
2838
1528
1421
1321
807
4878
507
4638
4930
3542
4832
1563
4414
4610
1050
3306
2914
548
4337
3600
2789
1529
4572
253
536
1784
5000
3691
2779
3226
3550
4157
2521
1677
4670
3992
3732
406
3436
2377
2024
4838
3068
1033
4556
2729
4545
1343
1221
2192
4565
3158
4664
835
3545
291
4234
207
687
2004
2123
4954
1941
803
23
2583
419
2823
615
3991
1810
405
980
1353
2636
3204
2956
4271
3683
2044
4315
4471
3115
2439
1555
1546
2917
2342
878
3391
820
1637
1453
1768
2907
1306
1473
257
2404
2968
4767
1370
3011
2726
2387
2003
2527
3757
3843
1577
1839
4600
3585
490
543
2343
3549
1175
3219
1631
2083
3869
3020
1099
468
4644
4891
3276
2091
2372
3452
669
1256
1666
2550
2225
2962
2509
3934
313
4734
4164
726
3084
8
4680
3156
4007
2621
252
381
4190
3536
4597
3380
4710
3969
705
2073
4316
4986
4373
4415
565
4177
3021
1496
2668
3149
3920
3026
1584
604
3730
3422
757
2578
3442
1015
2693
2019
4876
2749
775
2984
1159
4973
2810
4801
4479
1083
580
2249
1728
1911
770
1148
2826
906
4094
944
416
2007
4799
3595
1882
2525
2382
323
1003
4598
223
4393
3417
328
3326
3480
316
2137
1108
1214
3043
2275
4022
261
3277
926
2815
2162
2347
3052
3225
2598
4543
940
283
1356
2733
3056
303
1586
4760
2059
1634
2057
4751
4884
1141
3646
3984
4983
3569
4606
4831
611
3568
3747
1757
2132
3228
666
2946
63
2757
2267
2400
2751
1559
1280
4078
4558
895
4996
2841
778
3804
3197
2161
4744
4971
439
139
4091
1922
3476
3929
4206
3351
4115
4274
3597
4087
3103
1384
1649
4463
244
470
4726
2174
879
1806
4497
1611
4665
844
2363
2430
2671
1732
2979
3808
4602
3378
1684
2645
3844
1366
1327
4962
2900
607
3966
4994
3009
337
4706
3669
4917
2678
1479
3335
315
1773
1153
4475
3013
3323
4948
2768
4506
4489
4047
3356
308
2611
424
3877
82
3598
3895
4390
816
3830
435
3841
3742
1275
1426
1908
2981
2734
3904
1464
2662
2948
2930
2993
1154
2687
3796
2753
26
3926
1694
870
84
3961
335
3332
4369
2724
1219
2187
2903
3477
2234
2995
3135
2396
4694
3706
2884
2395
1574
1195
1230
812
2983
3316
1783
2865
2352
4892
524
4772
819
3739
3658
664
1719
3505
2021
4097
4759
1271
2094
1211
1191
4964
4550
4555
3570
2825
756
1238
3314
1494
3776
4174
1680
2272
577
1756
352
4242
183
1393
3951
4046
3668
4123
2239
834
4231
2902
3901
96
2477
1311
4824
634
2119
155
3388
2420
3161
3652
2669
3829
4743
2858
3439
4449
1785
2672
2194
1341
86
1765
2864
3182
1937
4292
4455
4400
2999
3071
4160
1235
4628
4021
42
4321
1556
4963
4201
422
1264
2485
3074
2263
3324
2035
2099
2110
3758
4093
107
4978
4646
4727
2177
3370
4847
854
1399
813
3687
374
1121
1206
3935
3873
4477
4500
2245
1349
4144
4382
2030
3470
3849
4066
2353
240
2075
1858
1618
902
4843
2265
2942
852
4320
2209
4363
681
394
859
1234
178
3201
2316
4352
766
3093
1070
942
1263
1036
4509
460
1111
4262
2882
1664
4430
2953
1286
1069
625
4019
4208
2652
1433
4780
2514
2484
2160
2394
3632
1999
3397
837
1793
4521
3512
1843
2834
3994
4258
2081
4172
1106
904
4288
3097
1730
1712
2681
4059
935
3384
2909
1881
2625
1686
2459
324
3037
3446
4695
222
4359
2767
2141
1237
3352
2238
336
1543
1733
1180
4774
3960
4241
735
1875
377
2025
3518
2943
4762
2539
68
3887
1290
2800
1795
4856
505
2927
440
456
2976
1335
1492
1248
1455
3721
638
2569
1177
4042
1365
1688
3916
3424
1092
3571
4408
1116
3919
2384
3210
629
3034
3785
3077
1708
4312
4243
4413
3004
4107
2300
559
3188
2940
1005
15
2112
2060
2080
4636
4567
499
83
3367
808
3044
2508
1915
537
4053
276
640
581
2417
1386
3814
2932
583
4815
523
921
3386
814
3488
3017
1054
3464
3465
2227
3834
3593
3670
3980
2135
1009
618
2068
1794
175
260
1612
3410
4851
4049
2511
1382
2504
2780
600
3165
3167
1377
4794
4553
2683
3061
355
1896
968
113
1828
1287
3321
414
989
2770
4130
1808
4690
2989
1910
4324
1995
1622
2977
4197
1368
76
1821
3411
2721
4132
1145
4207
2781
3913
2228
4232
2874
4839
1964
2236
4068
2630
4120
2736
2454
1434
2507
1969
1659
645
3983
3710
743
2970
1962
357
278
4974
787
3692
4185
3251
164
4817
3962
2531
2051
3680
4584
399
4574
3413
1186
2529
1748
751
1006
4309
297
263
1505
4937
4051
3852
4035
3868
2947
2760
831
1961
2520
4112
3338
2049
3637
4778
3198
789
81
30
4766
1791
1305
763
2190
869
1597
216
3343
3556
532
1490
3377
3661
3541
1854
2207
4869
4083
4758
740
2435
3117
2904
1448
708
1899
4217
4765
27
4966
1557
4519
4205
4054
218
594
4952
3697
3265
4488
3347
3523
1716
3230
1061
692
309
4273
4168
1233
1110
2472
3928
3519
3473
4718
2344
3311
117
1418
1304
4811
4818
90
112
2628
3982
489
2133
450
4501
3408
3590
3618
3781
390
4183
2456
4278
2482
3268
2845
1210
1439
4868
3404
2557
2844
1950
2879
119
3872
3933
3716
99
51
1702
2113
767
4515
656
1750
2020
3275
593
3106
712
4802
2924
3461
809
4724
4998
3353
4029
2425
2754
1413
569
1064
2393
1912
4295
2505
4432
1076
4131
67
2870
3985
3448
3307
552
661
4354
4649
1131
3110
4255
2906
268
1782
3193
3800
2467
102
4386
2807
346
2260
1604
1024
1929
4560
327
2971
4575
4470
2551
1887
3166
1396
899
1261
2689
4828
2458
1337
4240
4003
1770
3208
853
2702
1329
3010
864
2419
3553
1713
4866
1606
2380
1678
3657
4579
4944
127
1389
988
2475
1842
241
211
4976
1225
4953
3291
4711
2221
2032
3262
1423
3136
301
4410
4821
4447
1134
3499
4364
4826
3915
2775
719
2100
1330
1484
2694
4647
4791
4938
4548
4816
1266
4655
2323
386
4254
3937
890
2212
1342
4965
1890
2405
1255
388
3805
1786
1130
3821
4478
403
1628
1812
4034
3628
3475
2232
4367
1885
3584
3914
171
1593
4357
4688